37705,37725,38128,38308
9605,9607,9608,9612
47741,47745,47746,47747,47748,47749,47750,47761,47762,47763,47764,47765,47766
37987,37999,38006,38133
22,14881
14877,14878,14879
47726,47729,47730,47731
14880,36402
14882,14883,14884,14885
14874,14875
14886,14887,14889
4348,4414,37921,37933
4360,4366
46018,46051,46111,46552,46580,46635,46638,46639,47126,47129,47130,47944,47947,47948,47956,47980,47986,48016,48020
4402,46520,46523,46524,46555,46556
46529,46530,46532,46535,46536,46538,46644,46645,49439
46546,46549,46550
46567,46568,49431
6845,6846,6847,6848,6849,6850,6851,38212,42451,44296,45447,46732
14883,37935,38209,47743
47839,47840,47855,47856,47857,47858,47859,47863,47864,47865,47866,47867,47868,47869,47870,47893,47894
4348,4402
49433,49436,49437
4360,4366,46540,46543,46544,46570,49813
4408,4414,4438,4444,46205,46208,46209
46192,46194,46195,46199,46202,46203
43318,46174,46175,46403,46406,46407,49418
46153,46156,46157
14880,38356,43316,43320
45986,46165,46168,46169,46265,46268
46253,46256,46257
45991,46251
46220,46239
38112,45464,46051
45465,45467
45424,45425,45427
45459,45461
45469,45470,45472
45479,45480,45482,45484,45487,47745
4420,44926
46485,46486
47841,47842,47843,47844,47845,47846,47847,47848,47849,47850,47851,47852,47853,47854,47895,47896,47897,47898,47899,47900,47901,47902,47903,47904,47905,47906
9,10,11,12,47782,47783,47784,47785,47786,47787,47788,47796,47798,47799,47801,47802,47804,47805,47806,47807,47809,47810,47820,47821,47822,47823
47917,47918,47923,47924
47920,47956,47959,47960
47977,47978
47968,47971,47972,47974
47986,47989
38003,38006,38012
47962,47965,47966,47990
36430,36432
47935,47936
37990,38133,38156,47926,47929,47930,47932
48025,48026,48037,48038
38016,38232,48022,48028,48031,48032
43094,48001,48002
47998,48004
37130,48019
47938,47941,47942
48046,48049,48050
17,18
44085,44088
38238,44086,45442
45434,45435,45437,47120
14905,44976,44977,44979
14896,14901,37987,45454,45455,45457
45449,45450,45452
4426,14884,14886,14888,14889,14898,14904,14906
38197,47883,47884,47885,47886
20,21,22,47872,47873,47874,47875,47876,47877,47878,47879,47880,47881,47911,47912,47913
37987,42451
47839,47840,47855,47856,47857,47858,47859,47863,47864,47865,47866,47867,47868,47869,47870,47872,47873,47874,47893,47894,47911
14880,45447
14880,37124,45444
37120,42451,45445
45424,45425,45427,45467
38133,45459,45460,45461,45464,45465
4438,38012,38197,45469,45470,45472
38006,45479,45480,45482
37987,38003
45484,45485,45487
44926,44927
38349,42344
4438,38156
36619,37455,37459,37465,37471,37473,37479,37912,37999,38016,38100,38112,38238,42345,42350,42452
37130,37917,37921,37933,42335,42337,42339,42340,42341,42342,42343,42410
47839,47840,47841,47842,47843,47844,47845,47846,47847,47848,47849,47850,47851,47852,47853,47854,47855,47856,47857,47858,47859,47863,47864,47865,47866,47867,47868,47869,47870,47872,47873,47874,47875,47876,47877,47878,47879,47880,47881,47883,47884,47885,47886,47887,47888,47893,47894,47895,47896,47897,47898,47899,47900,47901,47902,47903,47904,47905,47906,47911,47912,47913
4360,4366,36416
47799,47801
47796,47798
44916,44917
44922,44924
44989,47805,47806
44982,44984
37284,37451,37487,37493,37495,37918,38310
14891,44954,47786
44947,44949
44936,44941
17,18
37377,47725,47726,47727,47728,47729,47730,47731,47732,47741,47743,47744,47746,47747,47748,47749,47750,47761,47762,47763,47764,47765,47766,47782,47783,47784,47785,47787,47788,47802,47810
16541,16542,16543,16544,16545,16546,16547,16548,16549,16550,16570,16571,16572,16573,16574,16575,16610,16621,16622,16623,16624,16625,16626,16627,16628,16629,16630,16631,16632,16633,16634,16638,16639,16641,16642,16643,16645,16646,42491
36425,37279
36912,36915,36918
36924,38371
16551,16552,16553,16554,16557,16558,16559,16562,16563,16564,16565,16566,16567,16568,16569,16576,16577,16578,16580,16581,16583,16584,16585,16586,16587,16588,16636,16647
16582,16635
36906,36909,46114
46570,46584,49813
37382,38031,38082
36912,37357,37359,37361
37351,37354
37364,38171
37370,37373,37375,37377
16541,16629,16630
16583,16588,16647
16542,16544,16645
16632,47938
14875,14901,14907
14876,14877,14881,14882,14886,14887
16630,37935,38209,44919
37946,38038,38063,38068,38136,38140,38148,38153,38196,38234,38240,38274,38287,38356,38370,38373
20,21,22,23,24
16635,16636,16642
16625,16638,47938
16554,16559,16572
16565,16566,16584,46469,46472,46473,46629,46641,46642
16580,16581
16549,16550,46513,46516,46519,46677
16633,16645,46540,46543,46544,46552,46555,46556,46567,46568,46588,46591,46592,46635,46638,46639,49431
16543,16628,46018,46024,46027,46028,47126,47129,47130,47138,47141,47142,47144,47147,47172
16545,46021,46022,46051,46054,46055,46060,46106,46227,46236,46237,46247,46250,46251
16627,16631,46221,46229,46232,46233,46574,46577,46578
46600,46603,46604,46606,46609,46610,46612,46615,46616,46659,46665,46671,46674,46675
46420,46421,46647,46650,46651,46653,46656,46657,46662,46663,46668,46669,46729,46733,46736,46737,47098,47099
46445,46447,46448,46450,46452,46455,46457,46460,46461,46463,46488,46491,46492,46723,46726,46727
16551,16621
16575,16624
16556,16599
16563,16564,16630
16583,16584,47820
16627,47938
16583,16632
14885,16556,16562,16581,16582,16599,46434
14886,14888,14889,16635,16640,16642,16643
6845,6846,6847,6848,6849,6850,6851,14883,16623,16630,46510
14884,14898,14902,14904,14906,16629
14882,47866
16588,16647,47622
16626,16631
6845,6846,6847,6848,6849,6850,6851,16547,16549,16550
16,17,18,19,20,21,22,16542,16543,16544,47839,47840,47841,47842,47843,47844,47845,47846,47847,47848,47849,47850,47851,47852,47853,47854,47855,47856,47857,47858,47859,47863,47864,47865,47866,47867,47868,47869,47870,47872,47873,47874,47875,47876,47877,47878,47879,47880,47881,47883,47884,47885,47886,47887,47888,47911,47912,47913
16545,16633
12,13,47822
16567,16568
16571,16572
16553,16554
16585,16629
6845,6846,6847,6848,6849,6850,6851,16553,16554,16583,16630,16638,42490
6845,6846,6847,6848,6849,6850,6851,16542,16544,16585
16551,16552,16568,16578,16633
16629,16643
16625,16635
16553,16554,16640,16641
16557,16558
16569,16570,53600
36897,47799
16555,53613,53637,53641,53657,53730,53771
16582,36912
16632,38197,38349
4384,6685,6686,6688,6693,6694,6695,6696,6697,6699,6701,6702,6703,6706,6709,6710,6722,6723,6724,6730,6731,6734,6740,6742,6743,6746,6756,6759,6760,6761,6762,6763,6764,6769,6771,6772,6774,6775,6776,6777,6778,6779,6783,6785,6790,6792,6793,6794,6798,6799,6800,6802,6808,6813,6816,6817,6818,6819,6842,16642
6687,6689,6690,6691,6692,6698,6700,6704,6705,6707,6708,6711,6712,6713,6714,6715,6716,6717,6718,6719,6720,6721,6726,6727,6728,6732,6733,6735,6736,6737,6738,6739,6741,6744,6745,6747,6748,6749,6751,6752,6753,6755,6757,6758,6765,6766,6767,6768,6770,6780,6781,6782,6784,6786,6787,6788,6789,6791,6795,6796,6797,6803,6804,6805,6806,6807,6809,6810,6811,6812,6814,6815,6820,6821,6822,6823,6824,6825,6826,6828,6829,6830,6832,6833,6835,6836,6837,6838,6839,6840,6841,6843,6844,16645,46221
16636,36619
4414,47938
47855,47856,47857,47858,47859,47863,47864,47865,47866,47867,47868,47869,47870,47872,47873,47874,47875,47876,47877,47878,47879,47880,47881,47883,47884,47885,47886,47887,47888,47893,47894,47895,47896,47897,47898,47899,47900,47901,47902,47903,47904,47905,47906,47911,47912,47913
16588,16647
1867,42490
1999,2113
16,17,18,19,20,21,22,23,24,2930,47166,47839,47840,47842,47843,47844,47845,47847,47849,47855,47856,47888,47905
16545,16631
16563,16564,16565,16566,16567,16573,16575,16580,16584,16599,16621,16622,16628,16646
47805,47806
53806,53814,53829,53838,53839,53840,53841,53852,53854,53855,53856,53857,53862,53864,53876,53880,53881,53885,53894,53897,53898,53902,53903,53914,53917,53922,53923,53930,53942,53943,53948,54803
16587,55183,55184,55190,55191,55192,55193,55194,55195,55196,55200,55221,55225,55226,55227,55228,55230,55231,55232,55247,55248,55249,55254,55255,55256,55257,55258,55259,55281,55282,55283,55284,55285,55288,55302,55303,55304,55305,55306,55307,55308,55309,55310,55311,55312,55348,55349,55350,55351,55352,55356,55359,55360,55373,55374,55375,55384,55405,55406,55407,55408,55410,55411,55412,55413,55414,55415,55416,55436,55463,55465,55467,55468,55477,55478,55479,55482,55483,55484,55487,55488,55510,55511,55512,55513,55515,55516,55517,55518,55519,55520,55533,55534,55535,55536,55542,55551,55552,55557,55558,55559,55560,55561,55562,55563,55564,55566,55567,55568,55569,55570,55571,55572,55574,55575,55576
54819,54837,54838,54846,54850,54851,54856,54857,54858,54859,54860,54861,54879,54892,54898,54899,54900,54914,54930,54935,54936,54945,54960,54962,54968,54969,54979,54980,54981,54982,54983,54984,54985,54988,54992,55001,55002,55007,55008,55020,55021,55022,55031,55032,55037,55038,55039,55040,55050,55051,55067,55068,55069,55070,55071,55072,55094,55097,55099,55100,55105,55106,55107,55108,55109,55110,55111,55112,55113,55114,55115,55116,55127,55128,55130,55151,55156,55160,55577,55592,55597,55599,55600,55601
47847,47848,47849,47850,47851,47852,47853,47854,47900,47901,47904,47905,47906
54901,54902,54903,54905,54906,54907,54908,54909,54910,54911,54912,54913,54915,54916,54917,54918,54919,54920,54921,54922,54923,54924,54925,54926,54927,54928,54929,54931,54932,54933,54934,54937,54938,54939,54940,54941,54942,54943,54944,54978,54993,54994,54998,55077,55088,55089,55090,55091,55092,55159,55260,55278,55313,55314,55315,55316,55318,55319,55320,55344,55364,55365,55372,55382,55421,55422,55423,55424,55473,55474,55475,55476,55485,55486,55521,55522,55541,55555,55556
54995,54996,54999,55000,55041,55042,55043,55044,55046,55047,55048,55073,55074,55075,55076,55078,55079,55080,55198,55199
36425,36430,36432,37294,37298
55057,55065,55129,55268
53617,53651
16559,16560,16571,16572,16576,16577,16579,16586,55262,55263,55264,55289,55290,55294,55466
55291,55292,55295,55296
47801,47802
47180,49418
38012,38016,38133,38232,38238,38349
16551,16554,16562,16565,16576,16581,16582,16586,16588,16623,16629,16630,16631,16632,16640,16643,16644,16645,50007,50008,50014,50015,50017,56581
16552,16630
16626,50019
16584,16585
16625,16636
1977,2005,16583,16599
14902,50010
16633,56581,56582
16543,50012
37999,50018
16647,38003,38006
46114,46729
14904,16542,53597,53599,53600,53601,53602
55137,55578,55593,55594
16569,16570
16544,47821
16567,16568
16638,16639
16563,16564,16610,16622
55049,55052
55053,55498,55500
16642,16644
16548,16635,42490
16555,16556,16575
1967,1969,16628
2083,2085,2103
16547,16549,16550,53886,53890
36402,46580
16553,16641
16580,45447
47809,47810
50007,50008
36890,36894,36897,36900,36903,36909,36912,36915,36918,36921,36924,38371
6834,53850
14890,14891
16587,47725,47726,47727,47728,47729,47730,47731,47732,47741,47744,47746,47747,47748,47749,47750,47761,47762,47763,47764,47765,47766,47782,47783,47784,47785,47786,47787,47796,47798,47807,47820,47822
50014,50015,50017
16557,16559
16621,16624
47725,47726,47727,47728,47729,47730,47731,47732,47741,47743,47744,47745,47746,47747,47748,47749,47750,47761,47762,47763,47764,47765,47766,47782,47783,47784,47785,47786,47787,47788,47796,47798,47799,47801,47802,47804,47805,47806,47807,47809,47810,47820,47821,47822,47823,47839,47840,47842,47843,47844,47845,47847,47848,47849,47850,47851,47852,47853,47854,47855,47856,47857,47858,47859,47863,47864,47865,47866,47867,47868,47869,47870,47872,47873,47874,47875,47876,47877,47878,47879,47880,47881,47883,47884,47885,47886,47887,47888,47893,47894,47895,47896,47897,47898,47899,47900,47901,47904,47905,47906,47911,47912,47913
55010,55013,55015,55019
53887,53889,53891,53892,53893,53895,53896,53899,53900,53901
55058,55059,55060,55062,55063,55064
2113,37987,37990,38197,38349
37999,38003,38006,38012,38016,38133,38156,38232,38238
2113,45447,53886,53887,53888,53889,53890,53891,53892,53893,53895,53896,53899,53900,53901,55159,55362,55365,55366,55368,55372,55418,55420,55421,55423,55473,55474,55475,55476,55521,55522,55530,55532,55554,55555
22,6734,6735,6737,6738,6739,45447
54846,54850,54851,54879,55067,55084,55088,55089,55090,55091,55092,55096,55221,55344,55364,55365,55372,55382,55410,55411,55422,55424,55463,55465,55473,55474,55475,55476,55485,55486,55555,55556,55597
6685,6686,6687,6688,6690,6691,6692,6699,6700,6736,55120
6694,6760,6763,6764,6765,6766,6767,6768,6769,6770,6771,6772,55356
6693,6695,6696,6697,6698,6701,6702,6703,6705,6706,6708,6740,6741,6742,6774
6704,6707,6745,6746,6747,6748,6749,6775,6776,6777,6778,6779,6780,6781
6711,6712,6713,6714,6715,6716,6717,6718,6719,6750,6751,6752,6753,6754,6782,6783,6784,6785,6786,6788,6789
6720,6721,6722,6723,6755,6756,6757,6758,6791,6794
9,10,11,12,47782,47783,47784,47785,47786,47787,47788,47796,47798,47799,47801,47802,47804,47805,47806,47807,47809,47810,47820,47821,47822,47823
6834,53850,55513,55593
14886,14887,14888,14889,14890,14891,53806,53814,53838,53839,53840,53841,53862,53876,53880,53881,53885,53886,53887,53888,53889,53890,53891,53892,53893,53894,53895,53896,53897,53898,53899,53900,53901,53903,53917,53930,53942,53943,53949
55049,55050,55051,55052
53863,55065,55129,55137,55156,55160,55179,55324,55326,55327,55356,55446,55585,55597
43094,46434
6825,6826,6828,6829,6830,6832,6833,6835,6836,6837,6838,6839,6840
2173,2199,2271,2273,2277,2291,14883,36890,36894,36897,36900,36903,36906,36909,36912,36915,36918,36921,36924,37987,37990,37999,38156,38371
55151,55159
55105,55113,55114
47725,47726,47727,47728,47729,47730,47731,47732,47741,47743,47744,47745,47746,47747,47748,47749,47750,47761,47762,47763,47764,47765,47766,47782,47783,47784,47785,47786,47787,47788,47796,47798,47799,47801,47802,47804,47805,47807,47809,47810,47821,47822,47839,47840,47842,47843,47844,47845,47847,47848,47849,47850,47851,47852,47853,47854,47855,47856,47857,47858,47859,47863,47864,47865,47867,47868,47869,47870,47872,47873,47874,47875,47876,47877,47878,47879,47880,47881,47883,47884,47885,47886,47887,47888,47893,47894,47895,47896,47897,47898,47899,47900,47901,47904,47905,47906,47911,47912,47913
14876,14894,55059,55153
43920,47938,55113,55114
44987,50272,50347,51895,51903,52623,52775,56982,57008,57012
50267,50277
2113,3211,47938,50272
50352,57071
50347,56981
9,10,11,12,47782,47783,47784,47788,47798,47799,47801,47802,47804,47806,47807,47809,47810,47821,47822,52695,54879
1977,2005,2267,2269,2295,2367,53886,53887,53888,53889,53890,53891,53892,53893
50267,50362,56979,56980,56992,57009,57041,57042,57043,57044,57045,57046,57047,57048
46463,46466,46467,50367
46488,46491,46492,53838,53839,53840,53841,53852,53880,53881,53885,53894,53897,53902,53903,53948
43920,50282,50582
47743,52623,54846,54850,54851,55151,55156,55159,55160,55288,55356,55597,55598
55105,55113,55114
53887,53888,53889,53890,53891,53892,53893,53895,53896,53899,53900,53901
16,17,18,19,47839,47840,47842,47843,47844,47845,47847,47848,47849,47850,47851,47852,47853,47854,47855,47856,47857,47858,47859,47863,47864,47865,47866,47867,47868,47869,47870
47725,47726,47727,47728,47729,47730,47731,47732,47741,47744,47745,47746,47747,47748,47749,47750,47761,47762,47763,47764,47765,47766,47785,47786,47787,47796,47805,47820,47823,47872,47873,47874,47875,47876,47877,47878,47879,47880,47881,47883,47884,47885,47886,47887,47888,47893,47894,47895,47896,47897,47898,47899,47900,47901,47904,47905,47906,47911,47912,47913
14892,14893
14891,43891,54879,55057,55065,55093,55145,55268,55297,55513
2113,14886,47938,53806,53898,53917,53930,53943,55120
47743,47900,47901
47725,47726,47727,47728,47729,47730,47731,47732,47741,47744,47745,47746,47747,47748,47749,47750,47761,47762,47763,47764,47765,47766,47782,47783,47784,47785,47786,47787,47788,47796,47798,47799,47801,47802,47804,47805,47806,47807,47809,47810,47820,47821,47822,47823,47839,47840,47842,47843,47844,47845,47847,47848,47849,47850,47851,47852,47853,47854,47855,47856,47857,47858,47859,47863,47864,47865,47866,47867,47868,47869,47870,47872,47873,47874,47875,47876,47877,47878,47879,47880,47881,47883,47884,47885,47886,47887,47888,47893,47894,47895,47896,47897,47898,47899,47904,47905,47906,47911,47912,47913
16551,16554,16562,16565,16575,16576,16581,16582,16586,16588,16599,16623,16625,16626,16627,16629,16630,16632,16638,16641,16643,16644,16645,50007,50008,50009,50012,50014,50015,50017,57043,57045,57046,57048
16583,16584,16646,42491
16642,43917
16542,56581
6685,6686,6687,6688,6689,6690,6691,6692,6699,6700,6734,6735,6736,6737,6738,6739
6731,6759,6760,6761,6762,6763,6764,6765
6724,6726,6727,6728,6730,6732,6733,14883,16541,16546
6795,6796,6797,6798,6799,6800,6802,6803,6804,6805,6806,6807,6808,6809
6810,6811,6812,6816,6817,6818,6820,6821,6822,6823,6824
16545,16633
16563,16564,16571,16572,16574,16624
16567,16568,50006
16577,52639
55049,55050,55051,55052
16548,16634
55288,55356
16635,53898,57008
16610,16622
6825,6826,6828,6829,6832,6833,6834,6835
6836,6837,6838,6839,6840,6841,6842,6843,6844,53864
6693,6694,6695,6696,6701,6702,6845,6846,6847,6849,6850,6851,55513
6697,6698,6740,6741,6742,6743,6744,6768,6769,6770,6771,6772,14882,16552,54879
16543,16547,16549,16550,16553,16555,16556,16557,16558,16559,16560,16566,16569,16570,16578,16580,16585,16587,16628,16636,16639,16647,42490,50020
6774,6775,6776,6777,6778,6779,6781
6703,6704,6705,6706,6707,6708,6709,6710,6745,6746,6747,6748,6749,6780
6711,6712,6713,6714,6716,6717,6718,6750,6751,6752,6753,6754,6755,6756,6758,6784,6790,6791,6792,6793,6794
6712,6713,6714,6716,6719,6722,6723,6753,6754,6757,6788,6791,6813,6814,6815,6828,6838,6843
2585,50010
16544,16583,16630,50006,50012
2113,2585,16621,43918,47938,56998
50347,50372,56996,57018
16624,16640,50277,56581,56979
16542,16629,16645,50342,56981,57047
16633,50362,54879,55513
16636,47725,47726,47727,47728,47729,47730,47731,47732,47741,47743,47744,47745,47746,47747,47748,47749,47750,47761,47762,47763,47764,47765,47766,47782,47783,47784,47785,47786,47787,47788,47796,47798,47799,47801,47802,47804,47805,47806,47807,47809,47810,47820,47821,47822,47823,47839,47840,47842,47843,47844,47845,47847,47848,47849,47850,47851,47852,47853,47854,47855,47856,47857,47858,47859,47863,47864,47865,47866,47867,47868,47869,47870,47872,47873,47874,47875,47876,47877,47878,47879,47880,47881,47883,47884,47885,47886,47887,47888,47893,47894,47895,47896,47897,47898,47899,47900,47901,47904,47905,47906,47911,47912,47913,57043,57044,57045,57046,57048
16574,50337
16642,50367,55045,55288
16547,16549,16550
16553,50019,55120
16635,53806,53814,53862,53876,53942,53943
16554,16577
16569,16570,16576,50352
16582,47839
51783,51799,51807,51815,51823,51831,51839,51847,51855,51863,56997,57031
16,17,18,19,20,21,22,47851,47852,47854,47858,47869,47872,47873,47874,47877,47878,47885,47886,47887,47888,47898,47906,47912,51791,51871,57022
52135,52143,52151,52159,52167,52175,52183,52191,52199,52207,53888,57000,57013
16641,52023,52031
52039,52047,52055,52063,52071,52079,52087,52095,52103,52111,52119,52127,55065,55145,55155,55268,56582,57023
52415,52423,52431,52439,52447,52455,52463,52471,52479,52487,52495,52503
52359,52367,52375,52591
52383,52391,52399,52839
16585,52671,52687,52703,52735,52751,52759,52767,52783,52799,52831,52847,52855,52863,52871,52879,52887,52895,52903,52911
52719,52919,52927
16631,52679,52695,52711,52727,52743,52775,52791,52807,52815,52823
47166,57041
16543,16567,52271,52279,52287,52295,52303,52311,52319,52327,52343,56980,57042
16638,16639,52223,52231,52239,52247,52255,52263
56982,56992,57008,57009,57012
56991,57010
16563,16564,55049,55050,55051,55052
16551,16552
16632,55138,55153,55545,55580,55590,55594,55603
16610,16626
56983,56993
16557,16558,16587,16643
55105,55113,55114,56965,56978,56984,56985,57030
14896,57013
56999,57000,57001,57002,57023,57024
50014,50015,50016,50017,57051,57053,57068,57070,57071
57052,57067,57069,57072
47166,50018
2113,16610,47938,56978,56981,57051,57053,57067,57068,57069,57071
16631,56582,57052
16584,16585
16544,16587,16642,47938,50019,50272,50277,57045
16626,16630,50006,50007,50008,50342,50362,50367,56981,57001,57043,57044,57046,57048
16583,16629,44962,50347,56997,56998,56999,57002,57018,57024,57031,57067,57068,57069,57070,57071,57072
16624,44977,50014,57008
2113,55105,55113,55114,57047
50327,50417
16542,46190,49259,49262,49280,49813,50267,54814,56581,56582,56952
47727,47729,47730,47741,47743,47744,47748,47749,47750,47762,47766,47782,47786,47788,47799,47801,47804,47806,47807,47809,47810,47820,47821,47822,47823,47842,47843,47844,47845,47847,47849,47854,47857,47858,47859,47863,47866,47869,47870,47875,47877,47879,47881,47884,47886,47887,47888,47893,47894,47895,47897,47900,47905,47911,47912,50019
50282,56965,56978,56983,56984,56985,56993,57030
16551,16554,16562,16565,16568,16575,16576,16581,16582,16584,16586,16588,16623,16625,16627,16632,16636,16640,16644,42491,50009
19,21,24,16628,16631
16633,16645,50015,50016,50017
16,17,18,19,20,21,22,24,47840,47842,47843,47844,47847,47848,47849,47850,47851,47852,47855,47857,47858,47859,47863,47864,47865,47867,47872,47874,47878,47881,47883,47887,47896,47904,47905,47911,47912
16583,16646,53888
14880,14886,14889,16645,55148,55157,55595
16636,42490,46117
46134,46378,49358
14879,14898,14902,14904,49351,49354
16541,16546
16635,49349,49356
16562,16580
50012,50013
16545,16633
50010,50011
16571,16572
16585,16587
16588,16647
50020,52079,52623
16574,43133
16569,16610,16622,54971,54972,54973,54974,54975
54988,55105,55113,55114
1977,1979,1981,1995,1997,1999,2001,2003,2005,2173,2175,2177,2179,2181,2199,2217,2219,2265,2267,2269,2271,2273,2275,2277,2291,2293,2295,2367,6711,6712,6713,6714,6715,6716,6750,6751,6752,6753,6754,6782,6783,6784,6785,6786,6787,6788,6789,16625,16626
16630,52047
6726,6727,16642
16631,50502
16632,50512,50517
16638,16639,43096,43099,50522
50492,50497,50507
16547,16549,16550
50532,50547,50617
50537,50542,50552
50557,50562,50567,50592
16559,16560,50597,50602,50607
16568,50572,50577
50582,50587,50612
50452,50457,56996
46450,46452,46455,46463,46466,46467,46488,46491,46492,57022
43082,43085,46057,46060,46106,46457,46460,46461,50467,50472,50477,50482,50487
50152,50157
50162,50167
16565,50172,50177,50182,50187
16621,50287
47725,47726,47727,47728,47729,47730,47731,47732,47741,47743,47744,47745,47746,47747,47748,47749,47750,47761,47762,47763,47764,47765,47766,47782,47783,47784,47785,47786,47787,47788,47796,47798,47799,47801,47802,47804,47805,47806,47807,47809,47810,47820,47821,47822,47823,47840,47842,47843,47844,47845,47847,47848,47849,47850,47851,47852,47853,47854,47855,47856,47857,47858,47859,47863,47864,47865,47866,47867,47868,47869,47870,47872,47873,47874,47875,47876,47877,47878,47879,47880,47881,47883,47884,47885,47886,47887,47888,47893,47894,47895,47896,47897,47898,47899,47900,47901,47904,47905,47906,47911,47912,47913,50292
6796,6803
50257,50262
50132,50137,50142,50147,50247,50252
50217,50222,50307
50016,50237,50242
50192,50197,50202,50207,50212,50227,50232
50297,50302,56938,56939
14888,50317,50322,50397,50402,55065,55126,55132,55141,55154,55298,55583
6686,6689,6691,6692,6693,6694,6695,6696,6697,6698,6699,6700,6701,6702,6704,6705,6707,6708,6709,6711,6712,6713,6714,6715,6716,6722,6723,6730,6731,6732,6733,6734,6736,6737,6740,6741,6743,6744,6745,6746,6747,6749,6753,6754,6755,6757,6758,6759,6760,6762,6763,6764,6765,6768,6774,6775,6777,6778,6779,6781,6784,6787,6788,6789,6790,6791,6796,6798,6800,6802,6803,6804,6811,6813,6814,6815,6816,6817,6818,6828,6830,6835,6837,6838,6839,6841,6842,6843,6844,6850,14897,14905,14906,16554,16576,16584,16586,16640,50377,50387,50392
50357,50382,56982,56992,57009,57012
50337,50352,56979,56980
14887,14890,14891,16552,16555,16556,16563,16564,16570,16599,16628,50018,56582
50447,53876,53880,53881,53914,53917
53658,53661,53664,53667,53894,53897,53930
53806,53852,53853
53617,54803
42490,47938,50010,50272,50277,50577,50582,55057,55125,55587
16544,16579,16583,16630,46567,46568,49356,50011,50012
16584,16588,16629,16630,16645,47938,49354,50011,50019,50582,52047,56980,56981,57008
16554,16560,16563,16571,16572,16580,16581,16640,16644,49351,49356,50272,50577
16562,16564,16642,16643,43092,50267
16624,16635,16638,56979
6690,6696,6821,16633,57012
16556,16582,46567,56982,56992,57009
16542,16555,16569,16570,16583,16627
50277,56965,56978,56983,56984,56985,56993,57030
47938,49349,56982
16583,16632,16641,50010,56992
16626,47938,50267,50272
16582,16625,50277,56979,56980,56981,57008,57012
16542,16636,16642,48004
16626,16643,50267
47938,50272,50277
16583,16624,16642,49349,50009
16543,16632,16635,16636,16643
49356,50016
16556,16633
6718,6810,6811,6812,6814,6815,6816,6817,6819,6821,6822,6823,6824,6841,6842,6844,10184,16542,50008,53713,53721,53739,53747,55057,55058,55059,55063,57008
16582,47887,50012
14878,49356
43091,43094
16542,16610,16636
16633,47852,47853,47854,47855,47856,47857,47858,47859,47863,47864,47865,47866,47867,47868,47869,47870,47872,47873,47874,47875,47876,47877,47878,47879,47880,47881,47883,47884,47885,47886,47888,47893,47894,47895,47896,47897,47898,47899,47900,47901,47904,47905,47906,47911,47912,47913
44093,56582
16627,43912,43914,44091
44081,44083,44232
16541,16543,16545,16546,16547,16548,16549,16550,16551,16552,16553,16555,16556,16557,16558,16559,16562,16563,16564,16565,16566,16567,16568,16569,16570,16571,16572,16573,16574,16575,16576,16577,16578,16579,16585,16586,16587,16588,16599,16621,16622,16623,16625,16628,16631,16632,16634,16635,16638,16639,16640,16641,16646,16647,42490,42491,44231,50006,50007,50008,50010,50013,50014,50015,50016,50017,50018,50020,53888,55094,55297,55298,56581
51879,51887,51895,51903,51911,51919,51927,51935
52511,52527,52623
16630,47938,50577
16563,44091,49349,50272,50277,50582
10185,10186,10187,10188,49354,50267,50282
16542,50012,50019
16633,49351
16571,16572
16621,47866
16553,16554,16642,50013
16574,16582,16588,16647
16586,16640
16630,47938
16576,16577,16583,16629,50012,50019,50282
16645,55126,55146,55585,55588,55602
2819,47887,49349,51847
6777,49351,50006,50267,50272,50277,55469,55470,55471,55472
6752,45450,49354,55266,55267,55269,55271
6694,6740,16633,16644,54870,54871,54873,55217,55218,55219
6706,16575,16635,16642,16643,44096,45449,54954,54956,54957,54959,56582
16582,45437
16625,16638
10107,10174,10175,10176,10177,10179,10180,10181,10182,10183,10184,16543,45480
16541,16546,16574
16571,16572
16582,47938,50267,50277
10185,10186,10187,10188,49351,49356,50015
9,10,16625,47782,47783,47784,47785,47786,47787,47788,47796,47798,47799,49354,50007,50272
4,23,16583,44935,47741,47743,47744,47745,47746,47747,47748,47893,47894,47895,47896,47897,47898,47899,47900,47901
22,16599,16632,47880,47881,47887,47888,56947
16,19,21,16626,16640,44231,47840,47842,47843,47844,47845,47847,47848,47866,47867,47868,47869,47870,47878,47879,47883,47884,47885,47886
16610,16630,44957
50282,57009
44917,49349
16544,50012
16563,16564,52855
10201,10202,10203,10204,10205,10206,10207,46469,46472,46473,46629,46641
46505,46733,46737,52383
16575,16631,46229,46232,46233
52175,56938,56939
16569,16570
42490,42491,50010
50267,50272,50277
16583,16629,50272,50282
16610,16624
49354,49356
16542,50019,53888
55136,55582,55595
16642,50007
50577,50582
44091,44096
14874,14875,56581,56582
16638,16639
16541,16546,16646
50014,50015,50016,50017
16548,16634
16621,16628
16543,16544,16551,16555,16556,16573,16623,16630,16636,16640,16643,16644,16645,50008,50009
16629,56983
16583,16628,49354,50267
16542,16625,45459,45464,47938,49351,50010,50011,53767,55148,55300,55601
16547,16549,16550,16574,16635,16638
16562,16642,16644,16645
50007,50197
47888,50019,50212,50232,56988
14881,44096,50382,50447
44091,50282
16636,49349
16624,16633
16599,16640,56993
16543,49356,50008,50018,56581
2553,16544,16630,16639,50006,50013
2113,2637
14877,14878,14887,14892,14901
16559,16560
16541,16546,16610
2507,16545,16575
14902,14903,16632
15797,15997,16167,16217,16267,16287,16337,16367,16387,16417,16427,16437,16447,16497,16563,16564,16631,49858,56567
15847,15897,16227,16357,49998,50009
15927,42490,42491
15787,15807,15817,15827,15837,15857,15867,15877,15887,15907,15917,15937,15947,15957,15967,15977,15987,16007,16017,16027,16037,16057,16067,16077,16087,16097,16107,16117,16127,16137,16147,16157,16177,16187,16197,16207,16237,16257,16277,16297,16307,16377,16397,16407,16457,16467,16477,16487,16507,16517,16527,16537,16591,16602,16613,49868,49878,49888,49898,49908,49918,49928,49938,49948,49958,49968,49978,49988,52423,56577
16578,16579
16551,16552,16602
2507,47938
2113,16397,16487,16541,16546
16537,16632
16447,49356,50272
49908,49998
15967,15977,16207,16237,16437,16553,16554,16627
15797,15897,16227,16417
15787,55573
2173,2199,14892,14895,14905
2944,16457,16477,16517,16547,16550,53778,53781,53785,53786,53787,53788,53789
14874,49928
15847,15857,15867,15877,15887,15907,15917,15987,16057,16067,16077,16087,16097,16107,16117,16127,16137,16177,16187,16197,16257,16307,16407,16527,16591,16602,16613,49356,49878,49888,49898,49918,49978,49988
16569,16570
15827,15837,16576,16577
16027,16037,16559,16560
16541,16546
3,4,5,47725,47726,47731,47732,47741,47761,47763,47765
16565,16566
2113,2507,47938,49908,49918,50018,50019
15967,15977,16257,16407,16545,16633,47725,47727,47728,47729,47730,47743,47747,47749,47761,47762,47764,47784,47796,47798,47799,47801,47802,47804,47805,47807,47810,47821,47822,47840,47848,47849,47850,47851,47852,47854,47855,47856,47859,47864,47865,47867,47868,47872,47873,47875,47878,47879,47880,47881,47883,47884,47885,47886,47888,47895,47897,47900,47905,47906,47911,47913,50282
16447,49998
2367,16437,55301
16217,16237,16527,16537,49356
2507,15797,16267,49908,50272
2269,2507,15897,15967,15977,16407,16553,16554,16575,53601
2507,16437,50267,50277,53739
2113,49349,49351,49356,50272,50277
16580,16581,44919,49351,50267
16227,16357
15847,15857,16551,16552,49354
15887,16217,49858,49878,49898,49988,50006
2507,15847,16551,16602,49351
2113,16437,49260,49354,49356,50267,50277,56567
2507,16437,16537,47938,49351,50272
50272,50277
2113,15897,16237,16543,49349,49356
15827,15837,16537,16576,16577,16626,16632
49354,50267
49888,50007,50008
15887,16367,16387,49878,49908
16287,16644,54976,54977
22,16417
16207,44919
15867,15877,16580,16581,53888
16629,16630
15987,16555,16556
49868,50012,50013
2113,49878,49908
16237,16437,16537,47866,47888
16257,16407,16545,16633
16447,47938
9,10,11,12,16057,16562,47782,47783,47784,47785,47786,47787,47788,47796,47798,47799,47801,47802,47804,47805,47806,47807,47809,47810,47820,47821,47822,47823
16267,16277,16638,16639
2,3,4,5,6,42490,42491,47725,47726,47727,47728,47729,47730,47731,47732,47741,47743,47744,47745,47747,47748,47749,47750,47761,47762,47763,47764,50282
16227,16542,16645
15887,16417
15827,15837,16207
49998,50009
16357,16624,53617,53628,54803
16027,16037,16559,16560
16107,16117,16544,16567,16568
16367,50272
15797,16147,16571,16591,49356,50277
49349,50272
16626,16632
16007,16017,16187,16557,16558,16575
16646,50282
50012,50013
15787,15797,16613,16621
16367,16642,16643
15917,16584,16585
16097,16417,16565,16566
16644,49998
16287,16545,16633
16307,16602,16610,16622,49938,49948,49958,49968,50014,50015,50016,50017
16457,16477,16517,16547,16549,16550
15937,16586,16587
2507,15897,16437
15827,15837,16576,16577,47938
49918,50018,50019
15967,15977,16237,16553,16554,47888,49878,53801,53803,53819,53821,53826,53860,53888
2113,15847
15867,16580,16581,16591,16599
16027,16037,16559,16560,49938,49948,49958,49968
16207,49908
49888,50007,50008
49998,50009
16629,49988,50010,50011
2950,16227
15987,15997,16555,16556
16197,16628
16127,16137,16417,16569,16570
15947,15957,16588,16647
15857,16551,16552
42490,42491
16497,16527
16537,16623,16625,16631,49858,49978
16067,16563
15887,16177,16407,16574,16582,16583
16457,16477,16517
2507,16437
2113,15817,49356,50267
47938,50277
49354,50272
16447,49349,49351
16227,16417,49908
16157,16572
16007,16017,16557,16558
16107,16567
16177,16227,16357,16542,16574,16624,16645
2113,2507,16437,47938,50272,50277
16287,16602,49354,49356
16417,16627,49351,49868,49878,50012,50013,50267
16087,16097,16167,16565,16566,16573,49998
2507,16437
16467,16507,16548,16634,50272,50277
16417,47938,49354
2507,16057,16447,16562,50267
47938,50272,50277
16237,49908,53888
15967,15977,16553,16554,49349,50282
49868,49878,50012,50013
2507,16237,16437,16543
15827,15837,16007,16017,16557,16558,16576,16577,49351
2113,16447,16629,16630
47938,49354
49878,49908
15847,15857,16551,16552
15787,15897,16635,16636
16497,16537,16626,16632,56567,56577,56581,56582
15867,16580,16581
16067,16077,16563,16564
16177,16267,16574
16297,16387,49998
15797,50009
16207,16407
16127,16137,16569,16570
15917,16584,16585
16167,16573
15937,16277,16307,16586,16587,16602,16610,16622,16628,16638
16397,16487,16541,16546
49938,49948,49958,49968,50014,50015,50016,50017
4,5,6,16583,47725,47726,47727,47728,47729,47730,47731,47732,47741,47743,47744,47745,47747,47748,47749,47750,47761,47762,47763,47764
16613,16621
47899,47900,47901
9,10,11,12,47782,47783,47784,47785,47786,47787,47788,47796,47798,47799,47801,47802,47804,47805,47806,47807,47809,47810,47820,47821,47822,47823,47888
15967,15977
15987,16555,16556
16467,16507,16548,16634
16,17,18,20,21,22,23,24,16625,16642,16643,47840,47842,47843,47844,47845,47847,47848,47849,47850,47851,47852,47854,47855,47856,47857,47858,47859,47863,47864,47865,47866,47867,47868,47869,47870,47872,47873,47875,47878,47879,47880,47881,47883,47884,47885,47886,47887,47893,47894,47895,47896,47897,47898,47904,47905,47906,47911,47912,47913
42490,42491
49928,50020
15807,15817,16578,16579
15947,15957,16588,16647
2113,2507,15927,15937,16587,49354,50267
16,17,18,19,20,21,22,23,24,16437,47840,47842,47843,47844,47845,47847,47848,47849,47850,47851,47852,47854,47855,47856,47857,47858,47859,47863,47864,47865,47866,47867,47868,47869,47870,47872,47873,47875,47878,47879,47880,47881,47883,47884,47885,47886,47887,47888,47893,47894,47895,47896,47897,47898,47899,47900,47901,47904,47905,47906,47911,47912,47913,50272
15917,16584,16585,50277,52831
15847,16629,16630
16217,16467,16507,16548,16634,49351
16287,49356
15857,47938
16207,16537,49908,49928,50020,50282
15787,16237,16267,16387
49349,55002,55007,55008,55088
56567,56577,56581,56582
16227,16457,16477,16517,16547,16549,16550,49878
16027,16037,16559,16560
49898,50006
15887,15897,16582,16583
16497,16632,42490,42491
2507,47821
16437,16613,16621,47938,49356,50272,50282
49878,49908
16207,16227,49351,50267
2113,49928
47888,50277
47822,47823
9,10,11,12,47782,47783,47784,47785,47786,47787,47788,47796,47798,47799,47801,47802,47804,47805,47806,47807,47809,47810,47820
15987,16555,16556
16027,16037,16357,16624
16107,16117,16567,16568
2113,2507
2507,16207,16227,44919,49349,49351,49878,49898,49908,50272,50277
2113,16217,16437,47938,50277
49878,49908
16197,16227,16646,49918,49938,49948,49958,49968,50014,50015,50016,50017,50018,50019
49351,49354
15897,16057,16562,49988,50010,50011
16107,16117
16097,16565,16566
16367,16642,16643
15947,15957,16447,16588,16627,16647
16297,16640,16641,47888
15827,15837,16576,16577
16167,16573
16007,16017,16557,16558
15847,16357
2113,2507
16127,16137,16569,16570
15987,56567,56577
16357,16417
15897,16177,16407,16545,16633,49898
2,3,4,5,6,47725,47726,47727,47728,47729,47730,47731,47732,47741,47744,47745,47747,47748,47749,47750,47761,47762,47763,47764
2113,2507,16467,16507
16227,16437,49988
16027,16037,49998,56567,56577
15897,16447,47938,49908,50282
16217,16267,16367,16387
15987,16537
2113,2507,16237,47938
15947,15957,16187,16575,44096,47821
16227,16467,16507,49998
49878,49908
16177,16447,16574
56567,56577
16097,16367
15847,15857,16551,16552
15827,15837,16576,49998
15867,16287,16580,16581
49878,49898
16,17,18,19,20,21,22,23,24,16527,16631,47840,47842,47843,47844,47845,47847,47848,47849,47850,47851,47852,47854,47855,47856,47857,47858,47859,47863,47864,47865,47866,47867,47868,47869,47870,47872,47873,47875,47878,47879,47880,47881,47883,47884,47885,47886,47887,47888,47893,47894,47895,47896,47897,47898,47899,47900,47901,47904,47905,47906,47911,47912,47913
16447,16602
16217,16497
16397,16487,16541,16546
16447,49878,49908
16067,16077,16563,16564
16457,16477,16517
2,3,4,5,6,47725,47726,47727,47728,47729,47730,47731,47732,47741,47743,47744,47745,47747,47748,47749,47750,47761,47762,47763,47764
16107,16117,16407,49938,49948,49958,49968
16127,16137
16227,49898
2507,47938,49354
2113,16437,50267,50577
2113,2507,15847,15857,47938,49878
2507,15787,16267,16367,16387,16437,47938,49998,50267,50277
2113,2507,47938,50267,50277,50282
16217,16537,50272
2113,16227,16437,16447,49356
16497,49349
2113,2507,16217,16437,47938,49928,50020,50267
2507,47938,49908,50267,50277
42490,42491,49349,49354
16437,49351,50272
16447,16527,16631
2507,47938,49349
16437,49908
16447,50267,50272,50277
16544,49354
15867,15877,16580,16581,56577,56581,56582
16626,16632
15807,15817,16578,16579
16527,16631
2507,16437,47938
2507,50267
2507,16437,47938,50277,55299
49354,50272
16628,49351
16545,16633
16640,16641,47786,49868,50012,50013
15867,15877,16580,16581
16457,16477,16517,16547,16549,16550
16,17,18,19,20,21,22,23,24,47840,47842,47843,47844,47845,47847,47848,47849,47850,47851,47852,47854,47855,47856,47857,47858,47859,47863,47864,47865,47866,47868,47869,47870,47872,47873,47875,47878,47879,47880,47881,47883,47884,47885,47886,47887,47893,47894,47895,47896,47897,47898,47899,47900,47901,47904,47905,47906,47911,47912,47913
16642,16643
49898,50006
2507,50277
16,17,18,19,20,21,22,23,24,47840,47842,47843,47844,47845,47847,47848,47849,47850,47851,47872,47873,47875,47878,47879,47880,47881,47885,47886,47887,47893,47894,47895,47896,47897,47898,47899,47900,47901,47904,47905,47906,47911,47912,47913,49349,50272
49351,49354
15807,15817,16578,16579
49351,50267
42490,42491,50272
2507,16437,47938,49888,50007,50008,50277
47938,49354
49351,50267,50272
16545,16633
16447,16625,49908
15857,16551,16552
16097,16565,16566
49898,50006
16626,16632
2507,50272,50277
16437,47938,49351
16,17,18,19,20,21,22,23,24,16167,16573,16599,47840,47842,47843,47844,47845,47847,47848,47849,47850,47851,47852,47854,47855,47856,47857,47858,47859,47863,47864,47865,47866,47868,47869,47870,47872,47873,47875,47878,47879,47880,47881,47883,47884,47885,47886,47887,47893,47894,47895,47896,47897,47898,47899,47900,47901,47904,47905,47906,47911,47912,47913
16640,16641
16527,16631
16457,16477,16517,16547,16549,16550
16097,16565,16566,16626,16632,49888,50007,50008
49868,50012,50013
2,3,4,5,6,47725,47726,47727,47728,47729,47730,47731,47732,47741,47743,47744,47747,47748,47749,47750,47761,47762,47763,47764
16187,16545,16575,16633,46434,49898,50006
15807,15817,16578,16579
16642,16643
42490,42491
2507,50272
46432,47938,49354,50267
16527,16631
49349,56577,56581,56582
15967,15977,16437,16553,16554,50277
49868,50012,50013
49888,50007,50008
16187,16575
16437,47938
2507,16097,16565,16566,47938,49349,49351,50267,50272,50277
2507,47938,49908,50267
49349,49351,49354,50272
2507,16437,47938,50272
49349,55463,55465
49351,49354
2507,47938,49351,49354
2507,16437,47938,49908,50272,56577,56581,56582
2507,47938
49349,50272
2507,16437,16457,16477,16517,16547,16549,16550,47938,49351
2507,47938,49349
16437,55463
2507,47938,49351,49354
2507,47938,49351,49354,50277
16437,50272
16626,16632
16599,16640,16641
46431,46432
16642,16643
56577,56581,56582
2507,47938,50272
2507,16621,47938
49351,49908,50267,50272,50277
16437,49354
42490,42491
2507,16437,16626,16632,47938,49351,50272
16167,16573,46434
2507,16640,16641,47938
16167,55299
16437,16629
49349,49908
2,3,4,5,6,47725,47726,47727,47728,47729,47730,47731,47732,47743,47744,47748,47749,47750,47761,47762,47763,47764
49868,50012,50013
15867,15877,16187,16575,16580,16581
16642,16643
15967,15977,16553,16554
2507,16437,47938
49349,49868,50012,50013
49908,50272,50277
46431,46432,56577
15867,15877,16580,16581,47887
2507,47938,49354,50277
16527,16631,50267
15887,50272
16543,49908
47747,47748
16621,49351
2,3,4,5,6,47725,47726,47727,47728,47729,47730,47731,47732,47741,47743,47744,47749,47750,47761,47762,47763,47764
49898,50006
47872,47873,47875,47878,47893,47894,47911,47912,47913
16582,16583,16599
16097,16565,16566
15997,16187,16575
49888,50007,50008
16447,49349,49354,50267,50277
49354,53887,53889,53891,53893,53895,53896,53901,55060,55062,55064
54815,54818,54824,54826,54827,54828,54829,54830,54831,54832,54833,54834,54835,54836,54839,54840,54841,54842,54844,54871,54874,54875,54876,54877,54878,54880,54881,54882,54883,54884,54885,54886,54887,54888,54889,54890,54891,54948,54951,54954,54957,54961,54963,54964,54965,54966,54967,54970,54971,54972,54973,54974,54975,55023,55024,55025,55026,55027,55028,55029,55061,55065,55066,55163,55166,55174,55176,55181,55203,55216,55217,55218,55219,55235,55244,55245,55246,55267,55278,55280,55299,55323,55326,55341,55342,55343,55345,55346,55387,55394,55401,55402,55403,55404,55439,55450,55457,55458,55459,55460,55491,55502,55508,55509,55547,55550
15927,50267
49351,50272,53771
2507,16447,47938,49908,50267,50277
16447,50267,50272,50277
47938,49354,50272,50277
16437,50272,50277
16437,47938,49349,49354
16447,49349,49354,49908,50277
47938,49351,49354
49349,50267
16427,16628,50277
16545,16633,49908
49351,49354
9,10,11,12,47785,47787,47796,47798,47799,47801,47802,47804,47805,47806,47807,47809,47810,47820,47821,47822,47823,50267,50272
16437,50272
15887,16573,49898,50006,50277
47938,50267
50272,50277
15887,15997,49349,50267
16437,16642,16643,50272
49868,49908
47938,50272
16257,50267
16437,47938,50272
49349,50267,50277
16437,47938,49349,50267
2507,16437,47938,50267,50272,50277
16437,49908,50267,50277
49349,50272
15807,15817,16578,16579
15867,15877,16580,16581
49868,50012,50013
16187,16575
15967,15977,16553,16554
16097,16565,16566
16387,16437,16543
16447,47866
16,17,18,19,20,21,22,23,24,16437,47840,47842,47843,47844,47845,47847,47848,47849,47850,47851,47852,47854,47855,47856,47857,47858,47859,47863,47864,47865,47866,47868,47869,47870,47872,47873,47875,47878,47879,47880,47881,47883,47884,47885,47886,47887,47893,47894,47895,47896,47897,47898,47899,47900,47901,47904,47905,47906,47911,47912,47913,47938,49908
16257,16545,16633
15997,47938
15867,15877,16427,16628,47938,49908
15887,16582,16583
15967,15977
16642,16643
9,10,11,12,47782,47783,47784,47785,47786,47787,47788,47796,47798,47799,47801,47802,47804,47805,47806,47807,47809,47810,47820,47821,47822,47823
42490,42491,47938
15887,16437,50272
49349,50267
50272,53676,53750,53780,53799,53870,53908
47938,49868,50012,50013,50267
16625,47786,47788,50267
15967,15977,16553,16554
16437,42490,42491,50277
9,10,11,12,47782,47783,47784,47785,47787,47796,47798,47799,47801,47802,47804,47805,47806,47807,47809,47810,47820,47821,47822,47823
16642,16643
16257,16545,16633
47938,49349,50272
16544,50267
15997,16187,16427,16575,16628,49868,50012,50013
49349,50272
16457,16477,16517,16547,16549,16550
16626,16632,50267
16257,16545,16633,49349
16640,16641,50272,50277
16437,16447,16626,16629,16632,49349,51951
15817,15887,15927,16582,16583,49349,50267,50272,50277,53730,53806,53814,53838,53839,53840,53841,53852,53853,53876,53880,53881,53885,53894,53897,53902,53903,53914,53917,53922,53923,53930,53942,53948,53949
16387,16437,47938,50267,50277,53943
16544,49349
16437,50272
49349,50267,50277
16437,47938
16167,16527,16573
15887,16582,16583,49349
15887,16437,47938,50277
15807,15817,16578,16579
16167,16437,47938,49349,50272
46221,47938
16437,16447,47866
16427,16628,47938,50272
16097,16437,16565,16566
16437,47938
16527,16631,50267,50277
16427,16628
16167,16437,16573
47938,49349,50267,50272
16,17,18,19,20,21,22,23,24,16257,16544,16545,16633,47840,47842,47843,47844,47845,47847,47848,47849,47850,47851,47852,47854,47855,47856,47857,47858,47859,47863,47864,47865,47866,47868,47869,47870,47872,47873,47875,47878,47879,47880,47881,47883,47884,47885,47886,47887,47893,47894,47895,47896,47897,47898,47899,47900,47901,47904,47905,47906,47911,47912,47913,50277
16640,16641
15967,15977,16437,16553,16554,47938
16527,16631,46224,47938,50277
16437,46224,49349,50267
49349,50267
16437,47938
49349,49908
42490,42491,53779,53822,53848,53901,53910,53934
56577,56581,56582
16427,16628
16447,16543
16257,16545,16633
15967,15977,16553,16554
15887,16582,16583,56582
16527,16631
16,17,18,19,20,21,22,16437,47840,47842,47843,47844,47845,47847,47848,47849,47850,47851,47852,47854,47855,47856,47857,47858,47859,47863,47864,47865,47866,47868,47869,47870,47872,47873,47875,47878,47879,47880,47881,47883,47884,47885,47886,47887,47911,47912,47913,49908
15887,49349
16377,16387
15807,15817,16578,16579
16625,44096
49858,49868,49888,49898,50006,50007,50008,50012,50013
2,3,4,5,6,47725,47726,47727,47728,47729,47730,47731,47732,47741,47743,47744,47747,47748,47749,47750,47761,47762,47763,47764
16629,49908
15887,16582,16583
16437,16544,47938,49349
16257,16545,16633
49868,50012,50013
53676,53683,53780,53781,53801,53822
47938,49349,50267
49898,50006
47855,47856,47857,47858,47859
15967,15977,16447,16553,16554
16527,16631
15887,16582
53690,53692,53693,53694,53695,53696,53697,53698,53700,53701,53702,53703,53704,53706,53707,53709,54805
15967,15977,16447,16553,16554
16437,16599
16543,50267
42490,42491,48004
15887,16582,16583,53706,53707,53709,53902
15967,15977,16437,16553,16554,53834
9,10,11,12,47782,47783,47784,47785,47786,47787,47788,47796,47798,47799,47801,47802,47804,47805,47806,47807,47809,47810,47820,47821,47822,47823,48004
16447,47938
16437,47938
47938,49349,53690,53692,53693,53694,53695,53696,53697,53698,53700,53701,53702,53703,53704,54805
16599,47866,47938,53690,53692,53693,53694
2507,47938
9,10,11,12,16626,16632,47782,47783,47784,47785,47786,47787,47788,47796,47798,47799,47801,47802,47804,47805,47806,47807,47809,47810,47820,47821,47822,47823
2507,47938
2507,16437,47938
16387,16437,47938
15967,15977,16553,16554,47938
47938,48004
16437,47938,49858
47938,49908,53690,53692,53693,53694,53695,53696,53697,53698,53700,53701,53702,53703,53704,54805
16437,16543,47938,53706,53707,53709
16437,47938
15807,15817,16437,16578,16579,47938
16437,46221,47938
46221,46224,47938,56582
46221,47938
46224,47938,53863
46224,48004
46224,48004,53863
16552,16623
16187,16575,53644,53750,53752,53899,53900,53919,53920,53933,53940
15867,15877,16580,16581,49908
16377,16642,16643
15807,15817,16578,16579
15967,15977,16437,16553,16554,16629
16437,46224
49908,53898
15807,15817,16578,16579
49898,50006
16527,16631
16257,46224
16377,16642,16643
15967,15977,16437,16543,16553,16554
42490,42491,56582
15967,15977,16553,16554
16187,16575
49898,50006
49898,49908
16097,16565,16566,53834
16437,16457,16477,16517,16547,16549,16550
16257,16545,16633
16187,16575
2507,16437
2507,16437
2,3,4,5,6,16377,16437,16544,16642,16643,47725,47726,47727,47728,47729,47730,47731,47732,47741,47743,47744,47747,47748,47749,47750,47761,47762,47763,47764
16437,16545
46224,47938
16187,16575
16527,16631
2507,47938
2507,47938
49898,49908,50006
16097,16565,16566
15927,16437
16457,16477,16517,16547,16549,16550
15867,15877,16167,16573,16580,16581
16437,47938
2507,16437,16544,47938
16167,16573,44081
16625,57008
2507,16437,16527,16631,47938
16187,16575
2507,47938
9,10,11,12,16437,47782,47783,47784,47785,47786,47787,47788,47796,47798,47799,47801,47802,47804,47805,47806,47807,47809,47810,47820,47821,47822,47823
16457,16477,16517,16547,16549,16550
2507,16437,47938
15807,15817,16578,16579
16427,16628
16640,16641
16377,16642,16643
53819,53821,53823,53825,53844,53846,53848,53858,53860,53867,53869,53871,53873,53921,53932,53934,53936
16527,16631
15867,15877,16580,16581
15887,16582,16583
53804,53816,53851,53875,53904,53939
42490,42491
16626,16632
47938,54828,54874,54875,54876
16437,46224
16377,16387
16437,47938
15887,16447,16582,16583,50272
16640,16641,49349,49351,49354,50267
15997,16437
2,3,4,5,6,16437,47725,47726,47727,47728,47729,47730,47731,47732,47741,47743,47744,47747,47748,47749,47750,47761,47762,47763,47764,49351,49354
16437,50272,50277
2,3,4,5,6,15967,15977,16553,16554,47728,47729,47730,47731,47732,47741,47743,47744,47747,47748,47749,47750,47761,47762,47763,47764,50267,50277
16437,16447
16437,49349,49351
50267,50277
2,3,4,5,6,16447,16544,47725,47726,47727,47728,47729,47730,47731,47732,47741,47743,47744,47747,47748,47749,47750,47761,47762,47763,47764,50272
49354,56582
16437,49351,49354,50267,50272,50277
2940,16437
49351,49354,50267,50272
16545,16633
15927,16447,50277
49349,50272
50267,50277
49349,49351
49898,50006
15927,50277
16427,16628
16625,53761,53775,53777,53779,53781,53789,53869,53910,53941
49354,50267
49351,50272
50267,50277
16437,16447,50267
16437,50272
49351,50267
16437,49349,50272,50277
16437,50272
49351,50277
49354,50267
49354,50267
49349,50267
50267,50277
16437,49351,50272
16545,16633,49354,49908
50272,50277
15867,15877,16447,16527,16580,16581,16631,49349,50272
49351,50267
16437,49354,50272
16097,16565,16566,16626,16632
16447,49908
16437,50277
16437,49354,50267
16,17,18,19,20,21,22,23,24,47840,47842,47843,47844,47845,47847,47848,47849,47850,47851,47852,47854,47855,47856,47857,47858,47859,47863,47864,47865,47866,47868,47869,47870,47872,47873,47875,47878,47879,47880,47881,47883,47884,47885,47886,47887,47893,47894,47895,47896,47897,47898,47899,47900,47901,47904,47905,47906,47911,47912,47913,49349
50272,50277
49354,50267
16437,16543,49351,50272
16437,50272
50267,50277
53751,53780,53801,53820,53828,53899,53933
16167,16457,16477,16517,16547,16549,16550,16573
16527,16631,48004,49349
9,10,11,12,47782,47783,47785,47787,47796,47798,47799,47801,47802,47804,47805,47806,47807,47809,47810,47820,47821,47822,47823
16167,16626,16632
16377,16642,16643
16457,16477,16517
16640,16641
50267,50277
16437,53823,53891
15867,15877,15887,16447,16580,16581,16629,49351
47788,49908
16437,44091,49351,49898,50006,50272
16447,50267,50277
16527,16631
16377,16387,50267
16437,50272
16544,49351
2,3,4,5,6,47725,47726,47727,47728,47729,47730,47731,47741,47747,47748
9,10,11,12,47782,47783,47784,47785,47786,47787,47788,47796,47798,47799,47801,47802,47804,47805,47806,47807,47809,47810,47820,47821,47822,47823
16640,16641
15967,15977,16553,16554,55364,55365
47783,55381,55383
50267,50277
9,10,11,12,47782,47783,47784,47785,47786,47787,47788,47796,47798,47799,47801,47802,47804,47805,47806,47807,47809,47810,47820,47821,47822,47823
47938,50272,50277
15997,50267
47821,48004
16642,16643
15867,15877,16437,16580,16581,48004,49351,50272,50277
48004,50267
16437,16544,16629
50267,50272,50277
16545,16633,56582
49908,50267
16527,16631,48004
49351,50267
50272,50277
16437,53717,53781
16626,16632,50277
49908,50272
16387,47938
16527,16631
16457,16477,16517,16547,16549,16550
16187,16437,16575,47938,49351
50267,50277
48004,56582
47938,50272
49908,50267,50272,50277
16437,48004
16377,16642,16643
42490,42491
46509,49441
47744,52023
16437,47938,50272,50277
16427,16628,49908
22,15927
53676,53714,53722,53723,53846,53858,53892,53919
2,3,6,2193,47725,47726,47727,47728,47729,47730,47731,47732,47741,47743,47744,47747,47748,47749,47750,47761,47762,47763,47764
16640,16641
48004,50272
47866,49351
16097,16565,16566,16625,50277
16187,16257,16457,16477,16517,16545,16547,16549,16550,16575
47849,47850,47851,47852,47854,47855,47856,47857,47858,47859,47863,47864,47865,47868,47869,47870,47872,47873,47875,47878,47879,47880,47881,47883,47884,47885,47886,47887,47893,47894,47895,47896,47897,47898,47899,47900,47901,47904,47905,47906,47911,47912,47913
16427,16628,49908
50267,53650,53847,53860
16437,49908,50272
16447,50267
15927,49351,50277
16640,16641
16427,16628
15867,15877,16580,16581
15887,16582,16583
15967,15977,16553,16554,55546
16,17,18,19,20,21,22,23,24,47840,47842,47843,47844,47845,47847,47848,47849,47850,47851,47852,47854,47855,47856,47857,47858,47859,47863,47864,47865,47866,47868,47869,47870,47872,47873,47875,47878,47879,47880,47881,47883,47884,47885,47886,47893,47894,47895,47896,47897,47898,47899,47900,47901,47904,47905,47906,47911,47912,47913
16437,47938
16437,47938
16437,47938
49908,55065,55297
47938,56582
16257,16545,16551,16552,16623,16633,53722,53821,53940
16447,47938
16527,16631,49898
16377,16551,16552,16623,16640,16641,49858,50006
15967,15977,16553,16554
16527,16631
15867,15877,16447,16580,16581
16437,16642,16643
16187,16575
56981,57012
49858,49898,49908,50006,53649,53751,53804,53822,53901,53911,53935
16447,47887
16437,49908,50577
16437,47938
16387,47938,47941,56582
44091,47942
16437,16447,16621,49898
16437,46257
16626,16632
16,17,18,19,20,21,22,23,24,47130,47840,47842,47843,47844,47845,47847,47848,47849,47850,47851,47852,47854,47855,47856,47857,47858,47859,47863,47864,47865,47866,47868,47869,47870,47872,47873,47875,47878,47879,47880,47881,47883,47884,47885,47886,47887,47893,47894,47895,47896,47897,47898,47899,47900,47901,47904,47905,47906,47911,47912,47913
15927,16640,16641
16187,16575
57041,57042
16,17,18,19,20,21,22,23,24,15997,47821,47840,47844,47845,47847,47848,47849,47850,47851,47852,47854,47855,47856,47857,47858,47859,47863,47864,47865,47866,47868,47869,47870,47872,47873,47875,47878,47879,47880,47881,47883,47884,47885,47886,47887,47893,47894,47895,47896,47897,47898,47899,47900,47901,47904,47905,47906,47911,47912,47913,56582
42490,42491
16097,16565,16566
16626,16632,49898,50006
15867,15877,16580,16581
53685,53717
16447,49908
50577,55204,55206,55208
16629,47938,49898,50006
16387,16437,16640,16641
16427,16628
16437,49908
15807,16097,16565,16566
47842,47847,47848,47849,47850,47851,47852,47854,47855,47856,47857,47858,47859,47863,47864,47865,47866,47868,47869,47870,47872,47873,47875,47878,47879,47880,47881,47883,47884,47885,47886,47887,47893,47894,47895,47896,47897,47898,47899,47900,47901,47904,47905,47906,47911,47912,47913
16621,47744
15867,15877,16544,16580,16581
16437,16447,16544,47743
49898,49908
16097,16565,16566
16544,55066
47842,47843,47844,47845,47875,47878,47879,47895,47896,47897,47898,47899,47912,47913
15867,15877,16580,16581,57023
16377,16642,16643
47893,47894,47895,47896,47897,47898,47899,47900,47901,47904,47905,47906
16,17,18,19,20,21,22,23,24,47840,47842,47843,47844,47845,47847,47848,47849,47850,47851,47852,47854,47855,47856,47857,47858,47859,47863,47864,47865,47866,47868,47869,47870,47872,47873,47875,47878,47879,47880,47881,47883,47884,47885,47886,47887,47911,47912,47913
16167,16573
16167,16573
16626,16632
16387,16437,49908,50277,50577
49908,50272,50277
16187,16575
16437,50267,50277
44940,44944,44980,45453
44980,45458
16097,16565,16566
16621,16626,16632
16437,16457,16477,16517,16547,16549,16550
16097,16565,16566
16437,16447,16629
47887,57023
47859,47863,47864,47865,47866,47868,47872,47873,47875,47878,47879,47880,47881,47883,47884,47893,47894,47895,47896,47897,47898,47899,47900,47901,47904,47905,47906,47911,47912,47913
16,17,18,19,20,21,22,23,24,47840,47842,47843,47844,47845,47847,47848,47849,47850,47851,47852,47854,47855,47856,47857,47858,47869,47870,47885,47886
47842,47843,47844,47845,47875,47878,47879,47895,47896,47897,47898,47899,47912,47913
16437,53676,53681,53685,53761,53780,53824,53858,53879,53889,53892,53909,53911,53940,55364
16167,16573
16187,16575
15967,15977,16553,16554,47821
47786,47788
42490,42491
16447,56582
16527,16631
47866,57022
16437,16629
16427,16628
15887,16543,16582,16583
42490,42491
49908,53684,53749,53781,53801,53803,53844,53908,53931
2,3,4,5,6,47725,47726,47727,47728,47729,47730,47731,47732,47741,47743,47744,47747,47748,47749,47750,47761,47762,47763,47764
15887,16437
50577,50582
2,3,4,5,6,47725,47726,47727,47728,47729,47730,47731,47732,47743,47747,47748
16,17,18,19,20,21,22,23,24,47840,47842,47843,47844,47845,47847,47848,47849,47850,47851,47852,47854,47855,47856,47857,47858,47859,47863,47864,47865,47866,47868,47869,47870,47872,47873,47875,47878,47879,47880,47881,47883,47884,47893,47894,47895,47896,47897,47898,47899,47900,47901,47904,47905,47906,47911,47912,47913
16427,16628
15997,50272
16257,16447,16545,16633
16187,16575,16582,16583
55218,55219
47744,49908,55065
47842,47843,47844,47845,47875,47878,47879,47895,47896,47897,47898,47899,47912,47913
16543,47865
49898,50006,53723,53751,53780,53802,53859,53860,53890,53910,53934
16527,16631
47843,47865
16457,16477,16517,16547,16549,16550
16626,16632
16437,16447
15807,15817,16578,16579
53753,53779,53889,53919,53940
15807,15817,15867,15877,15887,15927,15967,15977,15997,16087,16097,16167,16187,16257,16377,16387,16427,16437,16447,16457,16477,16517,16527,16544,16545,16553,16554,16565,16566,16573,16575,16580,16581,16582,16583,16621,16625,16628,16629,16631,16633,16640,16641,16642,16643,42490,42491,47843,49898,50006
15807,15817,15867,15877,15887,15927,15997,16097,16167,16187,16387,16437,16447,16457,16477,16517,16581,16582,16583,16621,16628,16633,16642,16643,42490,49898,50006
15807,15817,15867,15877,15887,15927,15967,15977,15997,16087,16097,16167,16187,16387,16427,16437,16457,16477,16517,16527,16543,16544,16547,16549,16550,16553,16554,16565,16566,16573,16578,16579,16580,16581,16582,16583,16621,16625,16626,16628,16629,16631,16632,16633,16640,16641,16642,16643,42490,42491,47843,49898,50006
15807,15817,15867,15877,15887,15927,15967,15977,15997,16087,16097,16167,16187,16427,16437,16457,16477,16517,16527,16543,16544,16547,16549,16550,16553,16554,16565,16566,16573,16578,16579,16580,16581,16582,16583,16621,16625,16626,16628,16629,16631,16632,16633,16640,16641,16642,16643,42490,42491,49898,50006
16377,44091
16377,16447
15997,16097,16167,16427,16437,16457,16477,16517,49898
16087,16387,16447,56582
16377,53889
16553,50006
15807,15867,15877,15887,15977,15997,16087,16097,16167,16427,16437,16457,16477,16517,16527,16547,16553,16573,16621,16625,16628,47744,49898,50006
3121,16377,16544,16547,16549,16550,16553,16573,16621,16625,16628,50006
16447,16544,16547,16549,16550,16553,16573,16621,16625,16628,50006
15807,15887,15977,16427,16437,16527,16544,16547,16549,16550,16553,16565,16566,16573,16583,16621,16625,16628,16640,50006
16387,16447
15807,15817,15867,15877,15887,15927,15967,15977,15997,16087,16097,16167,16187,16377,16387,16427,16437,16457,16477,16517,16527,16543,16544,16547,16549,16550,16553,16554,16565,16566,16573,16578,16579,16580,16581,16582,16583,16621,16625,16626,16628,16629,16631,16632,16633,16640,16641,16642,16643,42490,42491,49898,50006
15807,15817,15867,15877,15887,15927,15967,15977,15997,16087,16097,16167,16187,16377,16427,16437,16447,16457,16477,16517,16527,16543,16544,16547,16549,16550,16553,16554,16565,16566,16573,16578,16579,16580,16581,16582,16583,16621,16625,16626,16628,16629,16631,16632,16633,16640,16641,16642,16643,42490,42491,49898,50006
47728,47729,47730,47731,47732,47741,47743,47744,47747,47748,47749,47750,47761,47762,47763,47764
16,17,18,19,20,21,22,23,47840,47842,47843,47844,47845,47847,47848,47849,47850,47851,47852,47854,47855,47856,47857,47858,47859,47863,47864,47865,47868,47869,47870,47872,47873,47875,47878,47879,47880,47881,47883,47884,47885,47886,47887,47893,47894,47895,47896,47897,47898,47899,47900,47901,47904,47905,47906,47911,47912,47913
47842,47843,47844,47845,47875,47878,47879,47895,47896,47897,47898,47899,47912,47913
53800,53867,53870,53899,53907,53908
2,3,4,5,6,47725,47726,47727,47728,47729,47730,47731,47732,47741,47743,47744,47747,47748,47749,47750,47761,47762,47763,47764
9,10,11,12,47782,47783,47784,47785,47786,47787,47788,47796,47798,47799,47801,47802,47804,47805,47806,47807,47809,47810,47820,47821,47822,47823
16,17,18,19,20,21,22,23,24,47840,47842,47843,47844,47845,47847,47848,47849,47850,47851,47852,47854,47855,47856,47857,47858,47859,47863,47864,47865,47866,47868,47869,47870,47872,47873,47875,47878,47879,47880,47881,47883,47884,47885,47886,47887,47893,47894,47895,47896,47897,47898,47899,47900,47901,47904,47905,47906,47911,47912,47913
16437,16447
2275,53730
16437,49908
2275,49908
2195,2275
2275,49908
2275,16377,16642,16643
16457,16477,16517,16547,16549,16550
2275,16457,16477,16517,16547,16549,16550
47743,53925
9,10,11,12,47782,47783,47784,47785,47786,47787,47788,47796,47798,47799,47801,47802,47804,47805,47806,47807,47809,47810,47820,47821,47822,47823
2275,47842,47843,47844,47845,47875,47878,47879,47895,47896,47897,47898,47899,47912,47913
53665,53801,53869,53910
16527,16631
15997,16527,16640,16641
15967,15977,16553,16554
9,10,11,12,47782,47783,47785,47786,47787,47788,47796,47798,47799,47801,47802,47804,47805,47806,47807,47809,47810,47820,47821,47822,47823
2,3,4,5,6,47725,47726,47727,47728,47729,47730,47731,47732,47741,47743,47744,47747,47748,47749,47750,47761,47762,47763,47764
16427,16527,53806
15867,15877,15887,15997,16087,16097,16187,16437,16527,49898,49908
16437,53852,53853
2275,16437
15977,53611,53614
2275,16187,49908
16437,16573
16437,16447
16457,16477,16517,16547,16549,16550
16387,16437,49898,49908
16447,46018
1921,1923
16087,16097,16565,16566
2275,16621
2,3,4,5,6,16437,47725,47726,47727,47728,47729,47730,47731,47732,47741,47743,47744,47747,47748,47749,47750,47761,47762,47763,47764
16447,56582
16087,16097,16565,16566,49908
16437,49908
16437,16573,49908
9,10,11,12,47783,47784,47785,47786,47787,47788,47796,47798,47799,47801,47802,47804,47805,47806,47807,47809,47810,47820,47821,49898,50006
16457,16477,16517,16547,16549,16550
47842,47843,47844,47845,47875,47878,47879,47895,47896,47897,47898,47899,47912,47913
16437,53714,53716,53778,53799,53867,53870,53907
49898,50006
15807,15817
16626,16632
53644,53899,53907,53919,53940
16437,49908
16626,16632
16633,50577,50582
2932,49898
15887,16527,16543,16582,16583
15807,15817
47821,49898,50006
16457,16477,16517,16547,16549,16550
15807,15817
16377,16642,16643
15967,15977
15867,15877,16527,16580,16581
2507,16387,16437
2507,15807,15817,16437
2507,16437
2507,16633
16621,47787
2507,47842,47843,47844,47845,47875,47878,47879,47895,47896,47897,47898,47899,47912,47913
2507,16437,16447,56582
16628,56582
15807,15817
16633,47821
2507,16437
15967,16437,16527
53616,53681,53749,53827,53889,53891,53899,53932
2507,16437,47821
15867,15877,16580,16581
16377,16437
16447,47144,47938
16437,16527
16,17,18,19,20,21,22,23,24,47782,47783,47784,47785,47786,47787,47788,47796,47798,47799,47801,47802,47804,47805,47806,47807,47809,47810,47820,47821,47822,47823,47840,47842,47843,47844,47845,47847,47848,47849,47850,47851,47852,47872
16437,16527
15967,15977,16437
16437,46460
16377,16642,16643
16377,16437,47787
47843,47865
47787,47843
16437,47787,47857,47887
16626,16632
47842,47843,47844,47845,47857,47865,47875,47878,47879,47895,47896,47897,47898,47899,47912,47913,53680,53716,53828,53845,53869,53920,53934
15887,16582,16583
16457,16477,16517,16547,16549,16550
16377,47731,47732,47741,47743,47744,47747,47748,47749,47750,47761,47762,47763,47764
2,3,4,5,16573
17,18,19,20,21,22,23,24,47840,47842,47843,47844,47845,47847,47848,47849,47850,47851,47852,47854,47855,47856,47857,47858,47859,47863,47864,47865,47868,47869,47870,47873,47875,47878,47879,47880,47881,47883,47884,47885,47886,47887,47893,47894,47895,47896,47897,47900,47901,47904,47905,47906,47911,47912,47913
15867,15877,16580,16581
53616,53648,53722,53758,53781,53827,53871,53879,53889,53900,53934,53940,53941
16626,16632
16387,16621
15927,47938
15867,15877,16580,16581
16377,16629
55387,56582
16633,47787,47843
16543,16551,49858,50006
16457,16547,47851,47887
47842,47844,47845,47857,47875,47878,47879,47895,47896,47897,47898,47899,47912,47913
16457,16477,16517,16547,16549,16550
2,3,4,5,6,47725,47726,47727,47728,47729,47732,47741,47743,47744,47747,47748,47749,47750,47761,47762,47763,47764,49908
16,17,18,19,20,21,22,23,24,47840,47842,47843,47844,47845,47847,47848,47849,47850,47851,47852,47854,47855,47856,47857,47858,47859,47863,47864,47865,47866,47868,47869,47870,47872,47873,47875,47878,47879,47880,47881,47883,47884,47885,47886,47887,47893,47894,47895,47896,47897,47898,47899,47900,47901,47904,47905,47906,47911,47912,47913
49898,49908,50006
16,17,18,19,20,21,22,23,24,16187,16573,47840,47842,47843,47844,47845,47847,47848,47849,47850,47851,47852,47854,47855,47856,47857,47858,47859,47863,47864,47865,47866,47868,47869,47870,47872,47873,47875,47878,47879,47880,47881,47883,47884,47885,47886,47887,47893,47894,47895,47896,47897,47898,47899,47900,47901,47904,47905,47906,47911,47912,47913
15887,49898
15887,16582
47787,47843
16457,16477,16517,16547,16549,16550,47843
15887,47857,47865
47842,47844,47845,47875,47878,47879,47895,47896,47897,47898,47899,47912,47913
16626,47887
47857,49908
53683,53684,53685,53722,53723,53724,53740,53767,53861,53904,53905,53941
15887,16582
2,3,4,5,6,47725,47726,47727,47728,47729,47732,47743,47747,47748,47750,47761,47762,47763,47764
56952,56953,56954,56955,56956,56957,56958,56959,56960,56961,56962,56963,56996,56997,56998,56999,57000,57001,57002,57013,57018,57022,57023,57024,57031,57032,57049,57068,57069,57072
16457,16477,16517,16547,16549,16550
49908,50277
55060,55553
47787,47843,47865
16457,16477,16517,16547,16549,16550
15877,16187
16087,16097,47787,49898,50006
15817,47843
15887,47857,47865,55573
47842,47844,47845,47875,47878,47879,47895,47896,47897,47898,47899,47912,47913
47865,50277,53720
22,47842,47843,47844,47845,47847,47848,47849,47850,47851,47852,47854,47855,47856,47858,47859,47863,47864,47865,47866,47868,47869,47870,47872,47873,47875,47878,47879,47880,47881,47883,47884,47885,47886,47887,47893,47894,47895,47896,47897,47898,47899,47900,47901,47904,47905,47906,47911,47912,47913
15867,15877,15997,16580,16581
16167,16551,16573
47865,47866,50277
16087,16097,16565,16566
16167,50277,53665,53902
49898,50006,50277
49858,50277,55266
16573,47992
19,24,47840,47842,47843,47844,47845,47847,47848,47849,47850,47851,47852,47854,47855,47856,47857,47858,47859,47863,47864,47865,47866,47868,47869,47870,47872,47873,47875,47878,47879,47880,47881,47883,47884,47885,47886,47887,47893,47894,47895,47896,47897,47898,47899,47900,47901,47904,47905,47906,47911,47912,47913,49858
47992,50277
47870,49908
47840,47842,47843,47844,47845,47847,47848,47849,47850,47851,47852,47854,47855,47856,47857,47858,47859,47863,47864,47865,47866,47868,47869,47872,47873,47875,47878,47879,47880,47881,47883,47884,47885,47886,47887,47893,47894,47895,47896,47897,47898,47899,47900,47901,47904,47905,47906,47911,47912,47913,48010
48010,50277
48010,50277
47870,49898
16551,48010,50277
15997,16625,47787,47843,47857,47865
47843,48010,50277
15867,15877,16580,16581,47787,48010,49898,50277
47749,47750,47761,47762
47787,48010
48010,50277
47842,47843,47844,47845,47875,47878,47879,47895,47896,47897,47898,47899,47912,47913
53650,53724,53756,53802,53877,53910
48010,50277
23,24,47840,47842,47872,47873,47893,47894,47911
16,17,18,19,20,21,22,6685,6686,6687,6688,6689,6690,6691,6692,6693,6694,6695,6696,6697,6698,6699,6700,6701,6702,6703,6704,6705,6706,6707,6708,6709,6710,6711,6712,6713,6714,6715,6717,6718,6719,6722,6723,6724,6726,6727,6728,6730,6731,6732,6733,6734,6735,6736,6737,6738,6739,6740,6741,6742,6743,6744,6745,6746,6747,6748,6749,6750,6751,6752,6753,6754,6756,6757,6758,6759,6760,6761,6762,6763,6764,6765,6766,6767,6768,6770,6772,6774,6775,6777,6780,6781,6782,6783,6784,6785,6786,6787,6788,6789,6790,6791,6792,6794,6795,6796,6798,6799,6800,6802,6803,6804,6807,6808,6809,6810,6811,6812,6813,6814,6815,6816,6817,6818,6819,6820,6821,6822,6823,6824,6825,6826,6828,6829,6830,6832,6835,6836,6837,6838,6839,6841,6842,6843,6844,6845,6846,6847,6849,6850,6851,47843,47844,47845,47847,47848,47849,47850,47851,47852,47854,47855,47856,47857,47858,47859,47863,47864,47865,47868,47869,47870,47875,47878,47879,47880,47881,47883,47884,47885,47886,47887,47895,47896,47897,47898,47899,47900,47901,47904,47905,47906,47912,47913,53871,53911,53912,53913,53936
48010,50277
53914,53917
48010,50277
48010,50277
47938,48010,50277
48010,50277
48010,50277
2,3,4,5,6,47725,47726,47727,47728,47729,47730,47731,47732,47741,47744,47747,47748,47749,47750,47761,47762,47763,47764,47842,47843,47844,47845,47875,47878,47879,47895,47896,47897,47898,47899,47912,47913
53620,53680,53683,53716,53753,53761,53819,53836,53859,53933
22,47875,47878,47879,47887,47893,47894,47912,47913,48010,50277
48010,50277
48010,50277
48010,50277
48010,50277
48010,50277
53804,53934,53941
48010,50277
2,3,4,5,6,47725,47726,47727,47728,47729,47730,47731,47732,47741,47743,47744,47747,47748,47749,47750,47761,47762,47763,47764
48010,50277
46580,48010,50277
48010,50277
14877,14893
14888,14889,14890,14891,47842,47843,47844,47845,47875,47878,47879,47895,47896,47897,47898,47899,47912,47913,53676,53685,53802,53824,53901
9,10,11,12,47782,47783,47784,47785,47786,47787,47788,47796,47798,47799,47801,47802,47804,47805,47806,47807,47809,47810,47820,47821,47822,47823
16,17,18,19,20,21,22,23,24,47840,47842,47843,47844,47845,47847,47848,47849,47850,47851,47852,47854,47855,47856,47857,47858,47859,47863,47864,47865,47866,47868,47869,47870,47872,47873,47875,47878,47879,47880,47881,47883,47884,47885,47886,47887,47893,47894,47895,47896,47897,47898,47899,47900,47901,47904,47905,47906,47911,47912,47913
16,17,18,19,20,21,22,23,24,47840,47842,47843,47844,47845,47847,47848,47849,47850,47851,47852,47854,47872,47873,47875,47878,47879,47880,47881,47883,47884,47885,47886,47887,47893,47894,47895,47896,47897,47898,47899,47900,47901,47904,47905,47906,47911,47912,47913
48010,50277
47868,47869,47870,47872,47873,47875,47878,47879,47880,47881,47883,47884,47885,47886,47887,47893,47894,47895,47896,47897,47898,47899,47900,47901,47904,47905,47906,47911,47912,47913
47847,47848,47849,47850,47851,47852,47854,47855,47856,47857,47858,47859,47863,47864,47865,47866
14883,14897,14898
14882,14896,47788
47787,48010,50277
47842,47843,47844,47845,47875,47878,47879,47895,47896,47897,47898,47899,47912,47913,53715,53751,53761,53779,53781,53824,53847,53900,53901,53933,53940
47802,47804,47805
48010,50277
48010,50277
48010,50277
16167,50006
47866,48010,50277
47866,48010,49858
15997,16551
16457,16477,16517,16547,16549,16550
14874,14893,49908
14883,14884,14885,55066
47842,47843,47844,47845,47875,47878,47879,47895,47896,47897,47898,47899,47912,47913
53677,53684,53720,53725,53749,53827,53877
15887,16582
16087,16097,16565,16566
50277,53675,53785,53921,53934
53665,53834
15887,15997
16457,16477,16517,16547,16549,16550,49858,50277
15817,16625,49908
49898,50006
16457,16477,16517,16547,16549,16550
15887,47866
16087,16097,16565,16566
49898,50006
2,3,4,5,6,47725,47726,47727,47728,47729,47730,47731,47732,47741,47743,47744,47747,47748,47749,47750,47761,47762,47763,47764
15867,15877,16457,16477,16517,16547,16549,16550,16580,16581
15817,50277
14898,14899,14904,14905
14900,14901,47842,47843,47844,47845,47875,47878,47879,47895,47896,47897,47898,47899,47912,47913
14897,14903,14906,14907
14896,14897,14903,14906,50277,53680,53685,53720,53753,53781,53822,53823,53912
14902,49898,49908
14897,14898,14899,14905,14907,50277
2,3,4,5,6,15997,47725,47726,47727,47728,47729,47730,47731,47732,47741,47743,47744,47747,47748,47749,47750,47761,47762,47763,47764
49898,49908
49898,50006
47798,47799,47801,47802,47804,47806,47807,47820,47821,47822,47823
9,10,11,12,47782,47783,47784,47785,47786,47787,47788,47796,47798,47799,47801,47802,47804,47805,47806,47807,47809,47810,47820,47821,47822,47823
50277,53647,53674,53753,53846,53879
15867,15877,16580,16581,50277
15997,49908
47868,50277
16087,16097,16551,16565,16566
16626,49908
16167,16573
15867,15877,16580,16581
16167,16573
15887,16582
15887,16582
16457,16477,16517,16547,16549,16550,47887,49908
47842,47843,47844,47845,47857,47865,47875,47878,47879,47895,47896,47897,47898,47899,47912,47913,50277
47865,49898,49908,50006,53650,53805,53823,53825,53911
15817,15867,15877,16580,16581
15867,15877,16580,16581,49908
16543,47857
16625,49858,49898,50006
15887,16457,16477,16517,16547,16549,16550,16582
9,10,11,12,47782,47783,47784,47785,47786,47787,47788,47796,47798,47799,47801,47802,47804,47805,47806,47807,47809,47810,47820,47821,47822,47823
53616,53751,53846
16167,16573
16544,49908
9,10,11,12,47785,47787,47796,47798,47799,47801,47802,47804,47805,47806,47807,47809,47810,47820,47821,47822,47823
48010,50277
49898,49908,50006
16457,16477,16517,16547,16549,16550
48010,50277
47842,47843,47844,47845,47875,47878,47879,47895,47896,47897,47898,47899,47912,47913
14898,53802,53861,53869,53909,53940
16543,47887,49908
15887,16582,16625
9,10,11,12,16,17,18,19,20,21,22,23,24,47782,47783,47784,47785,47786,47787,47788,47796,47798,47799,47801,47802,47804,47805,47806,47807,47809,47810,47820,47821,47822,47823,47840,47844,47847,47848,47849,47850,47852,47854,47855,47856,47857,47858,47859,47863,47864,47865,47866,47868,47869,47870,47872,47873,47878,47879,47880,47881,47883,47884,47885,47886,47893,47894,47895,47896,47897,47898,47900,47901,47904,47905,47906,47911,47912,47913
16457,16477,16517,16547,16549,16550
15867,15877,15997,16580,16581
15997,50277
16167,16457,16477,16517,16547,16549,16550,16573
48010,50277
16087,16097,16565,16566
49858,50277
49898,50006
15887,15997,16457,16477,16517,16547,16549,16550,16582,48010,53673,53683,53684,53934,53935
48010,50277
15887,16582
16625,49898,50006
48010,50277
16087,16097,16565,16566
16457,16477,16517,16547,16549,16550
15887,48010,50277
15817,16167,16579,48010,49908,50277
16625,49898,50006
16087,16097,16565,16566,47865
47843,47851
15997,48010,50277
47842,47843,47844,47845,47865,47875,47878,47879,47895,47896,47897,47898,47899,47912,47913
14896,14901,14902,14907
15817,16579,53684,53720,53756,53846,53848,53860,53872,53910,53920
16626,50277
47857,55028
15817,16187,16579
48010,50277
16167,55036
16,17,18,19,20,21,22,23,24,15867,15877,16580,16581,47840,47842,47843,47844,47845,47847,47848,47849,47850,47851,47852,47854,47855,47856,47857,47858,47872,47873,47875,47878,47879,47880,47881,47883,47884,47893,47894,47895,47896,47897,47898,47899,47900,47901,47904,47905,47906,47911,47912,47913,48010
15887,48010,50277
15887,48010
16,17,18,19,20,21,22,23,24,47840,47842,47843,47844,47845,47847,47848,47849,47850,47851,47852,47854,47872,47873,47875,47878,47879,47880,47881,47883,47884,47887,47893,47894,47895,47896,47897,47898,47899,47900,47901,47904,47905,47906,47911,47912,47913
16187,16625
16457,16477,16517,16547,16549,16550
22,15997
16543,55036
16,17,18,19,20,21,23,24,47840,47843,47845,47847,47848,47849,47850,47851,47852,47854,47855,47856,47857,47858,47859,47863,47864,47865,47866,47868,47869,47870,47872,47873,47875,47878,47879,47880,47881,47883,47884,47885,47886,47893,47894,47895,47896,47897,47898,47899,47900,47901,47904,47906,47911,47912,47913,49908
14897,14898,14903,50277
14896,48010,49858
47842,47843,47844,47845,47875,47878,47879,47895,47896,47897,47898,47899,47912,47913,53715,53717,53756,53759,53846,53909,53941
15817,16573,16579,48010,50277
48010,50277
16087,16097,16565,16566
16167,16573
48010,50277
49908,50277
53650,53676,53680,53685,53723,53779,53785,53823,53900,53910,53933
49908,55036
16543,50277
15887,16187
22,46583
14880,49908
15867,15877,16580,16581
47842,47843,47844,47845,47875,47878,47879,47895,47896,47897,47898,47899,47912,47913,53673,53678,53713,53819,53820,53822,53826,53842,53859,53860,53869,53887,53890,53899,53910,53911,53918,53932
15887,46054
16457,16477,16517,16547,16549,16550
15817,16579
9,10,11,12,47782,47783,47784,47785,47786,47787,47788,47796,47798,47799,47801,47802,47804,47805,47806,47807,47809,47810,47820,47821,47822,47823
49898,50006
16457,16517,16549
16477,16544,49858,49908
2,3,4,5,6,47725,47726,47727,47728,47729,47730,47731,47732,47741,47743,47744,47747,47748,47749,47750,47761,47762,47763,47764
53649,53676,53910,53936,53940
14880,16167,16457,16477,16517,16547,16549,16550,49908,55162,55165
16551,16626
16087,16097,16565,16566
16544,49908
23,24,47893,47894,47895,47896,47897,47898,47899,47900,47901,47904,47905,47906
15887,15997
16527,16623,16633,49898,50006
9,10,11,12,47782,47783,47784,47786,47787,47788,47796,47798,47799,47801,47804,47805,47806,47807,47809,47810,47820,47821,47822,47823
53792,53912,53945
15927,16641
14896,49898,50006
15857,16551,56582
49898,49908,50006,53665,53792
16187,56582
16377,16642,16643
55297,55346,55573
16437,16447
16387,49908
16377,16642,16643
15927,53638
49908,56582
15857,16437,16551,16552
16629,49908
16087,16097,16447,16566
16437,53914,53917
15867,16580,16581
15857,16551
53834,56582
47842,47843,47844,47845,47875,47878,47879,47895,47896,47897,47898,47899,47912,47913
53893,53905,53936
16187,49908
15927,16626
53637,53638
15857,16551,16552
16447,53637,53638
16387,16457,16477,16547,16549,49908,56582
14880,14890,16377,16642,16643
15867,16580,16581
15887,16582,16583
15857,16551,16552
16387,16641
15887,56582
15967,16553
15927,16621
16437,16447
16,17,18,19,20,21,22,23,24,47840,47842,47843,47844,47845,47847,47872,47873,47875,47878,47879,47893,47894,47895,47898,47899,47904,47905,47906,47911,47912,47913
14900,14901,49908
49858,49908
49898,50006,55298,55554
15857,56582
16377,16642,16643
15887,16582,16583
16447,49908
15887,16582,16583
53638,53665
53685,53756,53760,53795,53891,53940
16387,56582
16477,16549
16427,16447,16457,16477,16547,16549
15817,16579
15817,16579
47842,47843,47844,47845,47875,47878,47879,47895,47896,47897,47898,47899,47912,47913,49908
53680,53751,53779,53816,53879
15887,16582
14891,16544
53902,53903
15867,15877,16580,16581
16087,16097,16565,16566,16626
53720,53760,53860,53905,53909,53911,53940,53941,53945
55165,55346,55402,55403,55404,55457,55458,55459
54877,54885
15887,16167
15997,49908,53925
16457,16477,16517,16547,16549,16550,53933,53935,53937,53938,53939,53941
53834,53835,53836,53837
14903,47842,47843,47844,47845,47875,47878,47879,47895,47896,47897,47898,47899,47912,47913
53681,53709,53717,53723,53724,53860,53911,53926,53935,53944
49898,50006
15887,16582,47866
14878,14879,14880,14881
15867,15877,16580,16581
15817,16579,53926
53646,53650,53722,53820
9,10,11,12,14891,47782,47783,47784,47785,47786,47787,47788,47796,47798,47799,47801,47802,47804,47805,47806,47807,47809,47810,47820,47821,47822,47823
53890,53893,53909,53926,53931,53940,54819
16167,16551
43285,43287,49908
14877,15887,46434
16167,16551,16565,16566,16573,16582,50006
15817,16579
14876,16543
14882,47866
15867,15877,16580,16581
14898,47866
16167,16573
49898,50006
47842,47843,47844,47845,47875,47878,47879,47895,47896,47897,47898,47899,47912,47913,53824,53860,53869,53936
16457,16477,16517,16547,16549,16550
53740,53817,53865,53905,53909,53928,53931,53940,53941
15887,15997,16167
16457,16477,16517,16547,16549,16550
47747,47748
47854,47855,47856,47857,47858,47859,47863,47864,47865,47866,47868,47869,47870,54865,54866
14893,14898,14904,16582
14903,15887
14897,16457,16477,16517,16547,16549,16550,49908
16544,49898,50006,53803,53877,53911,53926
15817,16543,16579,47784,47786
15817,16551,55298
16,17,18,19,20,21,47840,47855,47856,47857,47858,47859,47863,47864,47865,47866,47868,47869,47870,47872,47873,47875,47878,47879,47880,47881,47883,47884,47885,47886,47887,47893,47894,47895,47896,47897,47898,47899,47900,47901,47904,47905,47906,47911,47912,47913
16187,16551,47786
9626,47747,47782,47783,47788
16582,16626
16625,49898,50006
16167,16573
16625,16626
15817,16087,16097,16551,16565,16566,16579
16187,47866
16543,49908
53681,53685,53724,53756,53760,53871,53901,53909,53921,53931,53940
14891,53909,53931
16,17,18,19,20,21,24,15817,16579,47840,47842,47843,47844,47845,47847,47848,47849,47850,47851,47852,47859,47863,47864,47865,47866,47868,47869,47870,47872,47873,47875,47878,47879,47880,47881,47883,47884,47885,47886,47887,47893,47894,47895,47896,47897,47898,47899,47900,47901,47904,47911,47912,47913,50006
2,3,4,5,6,47725,47726,47727,47728,47729,47730,47731,47732,47741,47743,47744,47747,47748,47749,47750,47761,47762,47763,47764
16457,16547,16550
16477,16517,16549
9,10,11,12,47782,47783,47784,47785,47786,47787,47788,47796,47798,47799,47801,47802,47804,47805,47806,47807,47809,47810,47820,47821,47822,47823
46434,49858
15817,16579
47893,47894,47895,47896,47897,47898,47899,47900,47901,47904,47905,47906
47784,47788
16544,49858
15817,16579,16625,49908
47842,47843,47844,47845,47865,47875,47878,47879,47895,47896,47897,47898,47899,47912,47913
14874,14875,14905,14906
14876,15867,15877,16580,16581,47843,47857
9621,47865,53684,53707,53720,53759,53801,53877,53904,53905,53926,53927
47843,47865
47857,49908
16457,16477,16517,16547,16549,16550
15887,16582
16187,47843,47857
49898,50006
16457,16477,16517,16544,16547,16549,16550
47843,49898,50006
53675,53724,53803,53871,53873,53909,53921,53931,53940,53944
15817,16579
53935,53937,53938,53939,53945
47851,47852,47854,47855,47856,47857,47858,47859,47863,47864,47865,47866,47868,47869,47870,47880,47883,47884,47885,47886,47887,47893,47894,47895,47896,47897,47898,47899,47900,47901,47904,47905,47906,49908
53925,53931,53940
15867,15877,15887,16580,16581,16582
16626,49908,53902,53903,53909,53925,53926,53931,53940
53902,53903,53925,53926,53940
15887,16582
16087,16097,16565,16566,49908
47843,47857
47851,47865
47843,47857
15887,16582,47865
16626,47851
47843,47865
16457,16477,16517,16547,16549,16550,49898,50006
15867,15877,15887,16580,16581,16582,47842,47843,47844,47845,47865,47875,47878,47879,47895,47896,47897,47898,47899,47912,47913
14875,14878,14886
14874,14879,14880,14881,14887,47865,49898,50006
14876,14877,49908,53677,53681,53823,53860,53877,53892,53926,53936
14877,14888,14889,47857
14882,14883,47865
14884,14890,14891,47865
14876,14885
47749,47750,47761,47762,47763,47764,47809,47810,47820,47821,47822,47823
14896,15867,15877,16580,16581
16457,16477,16517,16547,16549,16550
16457,16477,16517,16547,16549,16550
53681,53756,53796,53909,53920,53931,53940,53947
14882,14883
16543,16625
16544,47843,47887
47843,47865
16167,16573,53747
47842,47843,47844,47845,47857,47865,47875,47878,47879,47895,47896,47897,47898,47899,47912,47913
53648,53901,53905,53926,53927,53929,53945
49898,50006
16,17,18,19,20,21,22,23,24,47840,47842,47843,47844,47845,47847,47848,47849,47850,47851,47852,47854,47855,47856,47857,47858,47859,47863,47864,47865,47866,47868,47869,47870,47872,47873,47878,47879,47880,47881,47883,47884,47885,47886,47887,47893,47894,47895,47896,47897,47898,47899,47900,47901,47904,47905,47906,47911,47912
16167,16544
53925,53931,53940
53747,53926
15867,15877,16580,16581
9,10,11,12,47782,47783,47784,47785,47786,47787,47788,47796,47798,47799,47801,47802,47804,47805,47806,47807,47809,47810,47820,47821,47822,47823,53940
15997,16625
15887,16582
47843,47851,47857,47887
47843,47851,47857,47865
9,10,11,12,47782,47783,47784,47785,47786,47787,47788,47796,47798,47799,47801,47802,47804,47805,47806,47807,47809,47810,47820,47821,47822,47823
47842,47843,47844,47845,47865,47875,47878,47879,47895,47896,47897,47898,47899,47912,47913
15867,15877,16580,16581,47865
47857,53926
15817,16187,16579
15887,16187,16582
16626,49898,50006
15817,16579
16457,16477,16517,16547,16549,16550
15867,15877,15887,15997,16087,16097,16167,49898,53930,53931,53940
15867,15877,15887,16087,16097,16167,16580,16581,49908
16582,54819,54837,54838,54846,54850,54851,54856,54857,54858,54859,54860,54892,54898,54899,54900,54945,54960,54962,54968,54969,54978,54979,54980,54981,54982,54983,54984,54985,54988,54992,55067,55068,55069,55070,55071,55072,55183,55184,55190,55191,55192,55221,55247,55248,55249,55254,55255,55256,55281,55282,55283,55284,55285,55302,55303,55304,55305,55306,55307,55308,55309,55310,55311,55312,55344,55348,55349,55350,55351,55352,55359,55360,55364,55365,55372,55373,55374,55375,55405,55406,55407,55408,55410,55411,55412,55413,55414,55415,55416,55421,55422,55423,55424,55466,55467,55468,55473,55474,55475,55476,55510,55511,55512,55515,55516,55517,55518,55519,55520,55521,55522,55533,55534,55535,55536,55551,55552,55555,55556,55557,55558,55559,55560,55561,55562,55563,55564,55565,55566,55567,55568
53747,53797,53870,53882,53909,55317
15887,53926
15817,49898,55202,55205,55207,55322,55325,55328,55331,55333,55335,55438,55441,55443
15887,16582,53909,53926
15887,16087,16097,16167,16565,16566,53909,53926
15887,49898
15817,16579
15887,16582
2,3,4,5,6,15867,15877,16580,16581,47725,47726,47727,47728,47729,47730,47731,47732,47741,47743,47744,47747,47748,47749,47750,47761,47762,47763,47764
15817,16551,16579,46417
15887,47843,47857,47865
47851,47887
47842,47844,47845,47875,47878,47879,47895,47896,47897,47898,47899,47912,47913
47843,47865
47843,47851
47843,53709,53725,53865,53873,53893,53901,53926,53936
49858,49898,49908
15867,15877,16167,16187,16457,16477,16517,16547,16549,16550,16580,16581,50006
15867,15877,15887,16087,16097,16167,16187,16543,16544,16547,16565,16566,16573,16580,16581,16582,16625,16626,49858,50006
15817,16167,16187,16543,16544,16547,16551,16565,16566,16573,16579,16580,16581,16582,16625,16626,47887,49858,49898,50006
53721,53747,53760,53795,53891,53909,53927,53931,53940
53909,53931,53940
16167,16187,49858,49898,49908
16543,47843,47887
47851,47865
15867,15877,16580,16581
16087,16097,16565,16566
53882,55554
47842,47843,47844,47845,47865,47875,47878,47879,47895,47896,47897,47898,47899,47912,47913,53650,53724,53756,53785,53796,53860,53865,53893,53901,53911,53926,53941
47747,47748,47782,47783,47784,47786,47788,47865
15867,15877,16580,16581
4,5,6,47725,47726,47727,47728,47729,47730,47731,47732,47741,47743,47744,47747,47748,47761,47762,47763,47764
15887,16582,49908
49898,50006
53747,53760,53834,53846,53909,53931,53940
16457,16477,16517,16547,16549,16550
16543,46580
15867,15877,16580,16581,47843,47851,47887
47851,47865,47887
47843,47851
47843,47865
15867,15877,16544,16580,16581,47843,47857,49908,50277
47842,47843,47844,47845,47875,47878,47879,47895,47896,47897,47898,47899,47912,47913,53681,53707,53900,53926,53936
47744,47865
49418,50006
15817,16087,16097,16565,16566,16579
47840,47842,47843,47844,47845,47847,47848,47849,47850,47851,47852,47854,47855,47856,47857,47858,47859,47863,47864,47866,47868,47869,47870,47872,47873,47875,47878,47879,47880,47881,47883,47884,47885,47886,47887,47893,47894,47895,47896,47897,47898,47899,47900,47901,47904,47905,47906,47911,47912,47913
15867,15877,16580,16581
15867,15877,16580,16581,53747
47725,47726,47727,47728,47729,47730,47731,47732,47741,47743,47744,47747,47748,47749,47750,47761,47762,47763,47764,47782,47783,47784,47785,47786,47787,47788,47796,47798,47799,47801,47802,47804,47805,47806,47807,47809,47810,47820,47821,47822,47823,47840,47842,47843,47844,47845,47847,47848,47849,47850,47851,47852,47854,47855,47856,47857,47858,47859,47863,47864,47865,47866,47868,47869,47870,47872,47873,47875,47878,47879,47880,47881,47883,47884,47885,47886,47887,47893,47894,47895,47896,47897,47898,47899,47900,47901,47904,47905,47906,47911,47912,47913
16457,16547,16550
16477,16517,16549
15867,15877,16580,16581
46583,49908
15887,16582
46583,49908
47843,47865
15817,47842,47843,47844,47845,47875,47878,47879,47885,47895,47896,47897,47898,47899,47912,47913
10,11,12,47782,47783,47784,47785,47786,47787,47788,47796,47798,47799,47801,47802,47804,47805,47806,47807,47865
2,3,4,5,6,16087,16097,16565,16566,47725,47726,47727,47728,47729,47730,47731,47732,47741,47743,47744,47747,47748,47749,47750,47761,47762,47763,47764,47786,47843,47855,47856,47857,47858,47859
47843,47887
47857,47865
47865,53926,57018
15887,16582,47865
15887,16582
53747,53909,53931,53940
53829,53940
6687,6689,6690,6691,6692,6693,6695,6697,6698,6699,6700,6701,6702,6703,6704,6705,6707,6708,6711,6712,6713,6714,6716,6719,6720,6721,6722,6723,6730,6731,6733,6736,6737,6741,6742,6743,6744,6745,6746,6750,6752,6753,6754,6755,6756,6757,6758,6759,6760,6761,6762,6763,6764,6765,6768,6769,6770,6771,6775,6776,6778,6782,6783,6787,6788,6789,6791,6793,6795,6796,6800,6802,6803,6804,6805,6806,6810,6811,6812,6813,6814,6815,6816,6817,6818,6819,6821,6822,6823,6824,6825,6828,6833,6834,6835,6837,6838,6839,6840,6841,6842,6843,6844,6848
49356,50277
16207,16537,46190
16167,16177,16257,16625,49908,49918,50282,56981,57008
16207,49356,50277,50282
16207,49878,49898
16397,16487,16541,16546
49356,50277
16227,16537
16537,49356,50282
16227,49878,50277
49356,50277
49928,50020,50277
47843,47887,49878
49356,50282
6685,6686,6688,6690,6691,6692,6693,6694,6695,6696,6697,6698,6699,6700,6701,6702,6704,6705,6706,6707,6708,6709,6710,6712,6713,6714,6715,6716,6717,6718,6722,6726,6727,6730,6731,6732,6733,6734,6735,6736,6737,6740,6741,6743,6744,6745,6746,6747,6748,6749,6751,6752,6753,6754,6755,6757,6758,6759,6760,6762,6764,6765,6766,6767,6768,6770,6774,6775,6777,6779,6780,6781,6784,6786,6787,6788,6789,6790,6791,6798,6799,6800,6802,6807,6808,6810,6812,6813,6816,6817,6818,6819,6820,6822,6823,6824,6829,6830,6837,6838,6841,6842,6844,6845,6846,6849,6850,6851,49356,50277,50282
49356,50277
16591,16599,49356
16237,16397,16487,16541,16546,49938,49948,49958,49968,50014,50015,50016,50017
47841,47842,47843,47844,47845,47851,47875,47876,47877,47878,47879,47895,47896,47897,47898,47899,47912,47913
47745,47746,47747,47748,47782,47783,47784,47788,47857,49898,50282
47786,53926
15847,16551,50277
47865,49356,50277,50282
16237,49878,49908
47857,50277
47865,49356,53931
16467,16548,47865,49356,50277
47865,50277,50282
47865,50277,50282
47887,50277,50282
47857,47865,49356
49356,50277
53638,53904,53905,53924,53927,53928,53929
15867,15877,16580,16581,46555,50282
16397,16487,16537,16541,16546,16626
16467,16548,48004,53631
48004,50277
15937,16587,53686
53732,53737
47786,53638,53926
16257,46191
16207,16227,16237,49878,49908
15867,15877,16580,16581,49978,49988,50010,50011
50277,50282
16257,49356,49978,50277,50282
16217,50277,53747,53816,53909,53931,53940,53941
9,10,11,12,13,16257,16537,16545,47782,47783,47784,47785,47786,47787,47788,47796,47798,47799,47801,47802,47804,47805,47806,47807,47809,47810,47820,47821,47822,47823
16357,47870
16077,16564
16207,16227,16237,16457,16477,16517,16537,16547,16549,16550,49878,49908
16207,49878,49918
16217,16227,16542,16645
16237,46190,49878,49918
16207,16537,16626
16207,46434
16227,16237,49878
47843,47857
15937,16587
16,17,18,19,20,21,22,23,24,47839,47840,47841,47842,47844,47845,47846,47847,47856,47857,47858,47859,47863,47864,47865,47866,47867,47868,47869,47870,47872,47873,47874,47875,47876,47877,47878,47879,47880,47881,47883,47884,47885,47886,47887,47888,47893,47894,47895,47896,47897,47898,47899,47900,47901,47902,47903,47904,47905,47906,47911,47912,47913
47745,47746,47747,47748,47782,47783,47784,47788,47841,47842,47843,47844,47845,47857,47875,47876,47877,47878,47879,47895,47896,47897,47898,47899,47912,47913
16357,47857,55066
16237,47865,47870,49878,49918
47786,47865,53685
16257,47857,47865
16177,16237,47865
15947,15957,16257,16588,16647,47857,47865
2,3,4,5,6,47725,47726,47727,47728,47729,47730,47731,47732,47741,47743,47744,47745,47746,47747,47748,47749,47750,47761,47762,47763,47764,47765,49978
15957,49998,50009
16107,16567
15887,16582
16217,16227
15867,15877,16537,16580,16581,16626,50277
16217,16257,53650,53685,53720,53724,53740,53747,53860,53904,53909,53921,53931,53940
50282,53903
16257,50282
15947,49978
16207,16227,16237
47870,49908
9,10,11,12,13,47782,47783,47784,47785,47787,47796,47798,47799,47801,47802,47804,47805,47806,47807,47809,47810,47820
49868,49908
16207,16237,49878,49908
9,10,11,12,13,47782,47783,47784,47785,47786,47787,47788,47796,47798,47799,47801,47802,47804,47805,47806,47807,47809,47810,47820,47821,47822,47823
16,17,18,19,20,21,22,23,24,47839,47840,47841,47842,47843,47844,47845,47846,47847,47848,47849,47850,47851,47852,47853,47854,47855,47856,47857,47858,47859,47863,47864,47865,47866,47867,47868,47872,47873,47874,47875,47876,47877,47878,47879,47880,47881,47883,47884,47893,47894,47895,47896,47897,47898,47899,47900,47901,47902,47903,47904,47905,47906,47911,47912,47913,49908
16237,49918
16227,49878,50011
49978,50011
15847,16551
47843,47865
47851,47865,47887
16207,16217,16237,47841,47842,47844,47845,47875,47876,47877,47878,47879,47895,47896,47897,47898,47899,47912,47913
2,3,4,5,6,47741,47745,47746,47747,47748,47763,47764,47765,47766,47841,47842,47843,47844,47845,47875,47876,47877,47878,47879,47888,47895,47896,47897,47912,47913,53795,53825,53865,53877,53893,53926
49868,49878,50012,50013
15957,47821
16027,16559
16217,16227,49878
16177,16574,49978
49978,53681,53747,53797,53823,53860,53931,53940
16237,49908
16177,16574,49356,49928,50020,52079
55433,55434,55435
15937,16587,49958,49978,49988
16207,16227,16237
16567,49998
16107,46051
16207,16237,49908
53843,53845,53847,53849,53859,53860,53861,53865,53924,53925,53927,53928,53929
53904,53905
16227,49878,49908,49918,49978,50018,50019
16237,49878
47841,47842,47843,47844,47845,47875,47876,47877,47878,47879,47895,47896,47897,47898,47899,47912,47913,49928,50020
16227,49878
49938,49948,49958,49968,50014,50015,50016,50017
53707,53756,53926
49908,50018,50019
15947,15957,16588,16647
16397,16487,16541,16546,49888,50007,50008
15947,16207,16227,16237,49878,49908
16,17,18,19,20,21,22,23,24,16257,47839,47840,47841,47842,47843,47844,47845,47846,47847,47848,47849,47850,47851,47852,47853,47854,47855,47856,47857,47858,47859,47863,47864,47865,47866,47867,47868,47869,47870,47872,47873,47874,47875,47876,47877,47878,47879,47880,47881,47883,47884,47885,47886,47887,47888,47893,47894,47895,47896,47897,47898,47899,47900,47901,47902,47903,47904,47905,47906,47911,47912,47913,53720,53724,53747,53865,53900,53920,53931,53940
16257,47887
15887,16227,49948
15887,16582,49978
16257,49958
16217,16237
49868,50012,50013
16217,16227,16237
16207,49878
16,17,18,19,20,21,22,23,24,47839,47840,47841,47842,47843,47844,47845,47846,47847,47848,47849,47850,47851,47852,47853,47854,47855,47856,47857,47858,47859,47863,47864,47865,47866,47867,47868,47869,47870,47872,47873,47874,47875,47876,47877,47878,47879,47880,47881,47883,47884,47885,47886,47887,47888,47893,47894,47895,47896,47897,47898,47899,47900,47901,47902,47903,47904,47905,47906,47911,47912,47913
16217,16537,49908
16187,16537,16575
16227,48004,49908
16357,16624
16257,48004,53638
15957,48004,49878
15887,16582
16227,16237
47745,47746,47747,47748,47782,47783,47784,47786,47788,47841,47842,47843,47844,47845,47875,47876,47877,47878,47879,47895,47896,47897,47898,47899,47912,47913,53681,53817,53877,53913,53926,53945
15867,15877,16257,16545,16580,16581
16227,16237
16,17,18,19,20,21,22,23,24,47839,47840,47841,47842,47843,47844,47845,47846,47867,47868,47869,47870,47872,47873,47874,47875,47876,47877,47878,47879,47880,47881,47883,47884,47885,47886,47887,47888,47893,47894,47895,47896,47897,47898,47899,47900,47901,47902,47903,47904,47905,47906,47911,47912,47913
15937,16587
16556,53926
53686,53747
16007,16017,16557,16558
16227,16257
